X=489.208633 Y=-575.539568 Z=-359.71223
Rx=-53.741007 Ry=85.467626 Rz=142.446043
0  -22.776 -49.043 -21.583 108.72 41.64 67.094
   (1654.249743,-575.81947,801.334506) <-0.062647,0.048165,-0.996873> <0.276775,-0.95882,-0.06372>
1  -22.776 -49.043 -21.583 -71.28 -41.64 -112.906
   (1654.249743,-575.81947,801.334506) <-0.062647,0.048165,-0.996873> <0.276775,-0.95882,-0.06372>
4  157.224 -177.477 -80.562 -108.167 41.476 115.138
   (1654.249743,-575.81947,801.334506) <-0.062647,0.048165,-0.996873> <0.276775,-0.95882,-0.06372>
5  157.224 -177.477 -80.562 71.833 -41.476 -64.862
   (1654.249743,-575.81947,801.334506) <-0.062647,0.048165,-0.996873> <0.276775,-0.95882,-0.06372>
6  157.224 -166.736 -99.438 -98.887 39.564 102.952
   (1654.249743,-575.81947,801.334506) <-0.062647,0.048165,-0.996873> <0.276775,-0.95882,-0.06372>
7  157.224 -166.736 -99.438 81.113 -39.564 -77.048
   (1654.249743,-575.81947,801.334506) <-0.062647,0.048165,-0.996873> <0.276775,-0.95882,-0.06372>
