X=503.597122 Y=0 Z=0
Rx=-90 Ry=0 Rz=63.453237
0  2.959 -62.72 -22.29 -98.737 29.887 10.052
   (1668.702552,0.446928,1161) <0.446928,0.89457,0> <0,0,-1>
1  2.959 -62.72 -22.29 81.263 -29.887 -169.948
   (1668.702552,0.446928,1161) <0.446928,0.89457,0> <0,0,-1>
2  2.959 15.547 -157.71 -35.624 57.733 -69.066
   (1668.702552,0.446928,1161) <0.446928,0.89457,0> <0,0,-1>
3  2.959 15.547 -157.71 144.376 -57.733 110.934
   (1668.702552,0.446928,1161) <0.446928,0.89457,0> <0,0,-1>
4  -177.041 -169.529 -73.799 128.421 38.95 -45.565
   (1668.702552,0.446928,1161) <0.446928,0.89457,0> <0,0,-1>
5  -177.041 -169.529 -73.799 -51.579 -38.95 134.435
   (1668.702552,0.446928,1161) <0.446928,0.89457,0> <0,0,-1>
6  -177.041 -151.082 -106.201 111.256 31.902 -24.618
   (1668.702552,0.446928,1161) <0.446928,0.89457,0> <0,0,-1>
7  -177.041 -151.082 -106.201 -68.744 -31.902 155.382
   (1668.702552,0.446928,1161) <0.446928,0.89457,0> <0,0,-1>
