233.46606 245.10858 -23.284052 233.46606 10.150002 -23.284052 103.593 10.150002 136.24007
196.1 175.85858 6.25 193.23627 175.85858 40.676716 194.79054 175.85858 38.625584
1
78.914925 10.150002 111.56199 78.914925 245.10858 111.56199 238.43906 245.10858 -18.311062
208.905 30.2 27.945 208.905 30.2 2.386883 208.23868 30.2 1.727556
0
7.15 175.83357 -123.51722 235.155 175.83357 -123.51722 235.155 175.83357 72.649994
215.105 36.4 27.945 215.105 206.11122 7.249103 215.105 205.36601 6.943155
1
235.155 220.66858 57.87157 7.15 220.66858 57.87157 7.15 96.81786 -94.255264
33.4 205.05858 0.05 33.4 33.3 0.05 43.1 72.60022 0.05
1
7.15 58.409283 71.19748 235.155 58.409283 71.19748 235.155 105.10569 -130.2646
215.105 36.4 27.945 215.105 223.72516 22.969784 215.105 224.71913 20.570139
1
235.155 134.18384 -119.53306 7.15 134.18384 -119.53306 7.15 43.20304 66.18184
30.1 36.4 6.320711 30.1 74.43167 27.95 30.1 36.4 27.95
1
235.155 85.065025 -133.60477 7.15 85.065025 -133.60477 7.15 68.83944 72.56084
30.1 36.4 6.320711 30.1 220.08336 26.61658 30.1 217.68372 27.610546
1
-3.604629 10.15 -4.731933 -3.604629 245.10858 -4.731933 196.7901 245.10858 41.717064
27.199999 225.05858 -9.993417 27.2 225.05858 17.996723 27.2 206.85396 6.945375
1
7.076233 36.67929 -13.261438 5.404331 36.67929 -13.01157 -72.18617 36.67929 -53.117218
27.2 36.4 6.320711 27.2 206.10858 7.25412 27.2 225.05858 17.996723
0
53.77928 -115.04627 -101.583 53.77928 10.35153 -188.17583 53.77928 11.922646 -186.13342
-82.5 9.913654 -209.10204 82.5 10.119605 -209.2941 -82.5 10.119605 -209.2941
0
-82.77929 2.734791 -139.74466 98.504425 20.88736 -128.62076 66.64761 21.176792 -128.44339
82.5 0.383022 -139.8214 82.5 2.865605 -129.08415 82.5 -3.263518 -136.38855
0
53.77928 -115.04627 -98.18301 53.77928 -9.050967 -204.17831 53.77928 10.35153 -184.77583
-82.5 5.847272 -198.815 82.5 1.940591 -214.48384 -82.5 1.940591 -214.48384
0
-75 -10 -235.94707 -75 -1.931852 -266.0578 -75 -6.5 -334.4647
-75 0.970296 -239.24193 -75 0.352931 -239.93565 -75 5.75 20.75
0
82.5 -6.5 -334.4647 82.5 -16.5 -234.4647 82.5 -17.5 -235.4647
82.5 5.75 20.75 82.5 0.352931 -239.93565 82.5 0.970296 -239.24193
0
-75 -10 -235.94707 -75 -1.931852 -266.0578 -75 -6.5 -334.4647
-75 0.970296 -239.24193 -75 0.352931 -239.93565 -75 5.75 20.75
0
-26.82369 -615.5544 682.0355 -8.750427 -615.5544 667.4166 -6.987805 -615.5544 664.7498
-26.36825 -615.5544 683.8095 -4.871563 -615.5544 676.56464 -6.163705 -615.5544 675.4044
0
-26.66743 -617.9544 682.15985 -3.651343 -617.9544 657.0116 -5.601488 -617.9544 637.4737
-26.36825 -617.9544 683.8095 -7.772358 -617.9544 674.7621 -9.503814 -617.9544 674.71344
0
57.5 -6.5 -312.16718 57.5 -36.5 -212.16716 57.5 -37.5 -213.16716
57.5 -12.5 -202.34937 57.5 -3.464102 -218 57.5 -12.5 -27.665686
0
57.5 -6.5 -362.16718 57.5 -36.5 -212.16716 57.5 -37.5 -213.16716
57.5 5.75 20.75 57.5 -5.75 20.75 57.5 -3.464102 -218
0
57.5 -6.5 -362.16718 57.5 -37.5 -213.16716 57.5 -37.5 -362.16718
57.5 -10 16.5 57.5 -10 0 57.5 -3.464102 -218
0
-367.5 5.5 -339.92093 -367.5 4.965926 -219.92091 -367.5 9 -219.92091
-367.5 0 -220 -367.5 -0.731354 -219.68199 -367.5 6.869339 -213.09981
0
47.5 -6.5 -318.6495 47.5 -5.5 -338.1495 47.5 -4.965926 -218.1495
47.5 6.869339 -213.09981 47.5 0 -220 47.5 0.731354 -219.68199
0
377.5 6 -309.92093 377.5 -4 -220.18561 377.5 -4.594516 -219.92091
377.5 6.869339 -213.09981 377.5 -0.731354 -219.68199 377.5 0 -220
0
962.5 5.5 -235.85245 962.5 -0.965926 -131.649 962.5 -5 -116.59363
962.5 0 -120 962.5 0.456723 -93.23199 962.5 0 -90.93588
0
-27.5 -20 -313.6859 -27.5 -20 -214.6859 -27.5 -6.5 -313.6859
-27.5 -0.731354 -219.68199 -27.5 -9.913654 -209.10205 -27.5 6.869339 -213.09981
0
-30 -5.5 -350.20792 -30 -4.965926 -230.20792 -30 5.5 -350.20792
-30 0.352931 -239.93565 -30 0 -172.7929 -30 0 -170.5
0
-30 -5.5 -350.20792 -30 -4.965926 -230.20792 -30 5.5 -350.20792
-30 0.352931 -239.93565 -30 0 -172.7929 -30 0 -170.5
0
30 5.5 -350.20792 30 -4 -230.9491 30 -4.965926 -230.20792
30 5.75 20.75 30 4.357202 -225.65778 30 4.452163 -223.21013
0
-30 -5.5 -350.20792 -30 -4.965926 -230.20792 -30 5.5 -350.20792
-30 -1 -174 -30 -0.146447 -173.14645 -30 -0.568801 -239.82248
0
-30 -5.5 -350.20792 -30 -4.965926 -230.20792 -30 5.5 -350.20792
-30 -1 -174 -30 -0.146447 -173.14645 -30 -0.568801 -239.82248
0
187.5 5.5 -337.941 187.5 -4 -218.6822 187.5 -4.965926 -217.94102
187.5 0.970296 -219.24193 187.5 0.304482 -193.29504 187.5 0 -220
0
-72.5 -4.965926 -217.94102 -72.5 -4 -218.6822 -72.5 5.5 -337.941
-72.5 0 -220 -72.5 0.304482 -193.29504 -72.5 0.970296 -219.24193
0
-205 0.773396 -226.86906 -205 3 -218.55927 -205 5.5 -388.11456
-205 -6.869339 -213.09981 -205 0.731354 -219.68199 -205 0 -220
0
-77.5 3.830222 -122.48563 -77.5 40 -79.380165 -77.5 6.5 -178.1941
-77.5 21.803555 -89.13502 -77.5 13.448405 -92.713455 -77.5 10 -5.769997
0
-250 -5.5 -334.48782 -250 -5 -215.229 -250 5.5 -334.48782
-250 0.970296 -219.24193 -250 5.565508 -198.74475 -250 6.050656 -198.8657
0
262.5 -0.965926 -310.0483 -262.5 -4 -298.725 262.5 -4 -298.725
-262.5 3.865988 -287.89786 -262.5 -9.913654 -289.10205 -262.5 -0.731354 -299.682
0
197.5 -6.5 -317.3963 197.5 -4.965926 -216.89629 197.5 -7 -316.8963
197.5 -0.365677 -219.641 197.5 0 -219.8 197.5 -6.71489 -212.8323
0
27.45 NaN 259.05 27.45 NaN 133.65237 27.45 NaN 179.08337
0 -5.5 -20 0 -6.5 -0.6 0 -6.5 -19
1
5 0.143867 55.308987 5 5.167554 62.75697 5 -6.283764 61.666904
5 -5 48 5 -5.585786 59.414215 5 -7 60
0
121.82341 129.68973 36.255 121.82341 133.86607 36.255 121.82341 133.86607 39.255
121.82341 129.03708 33.255 121.82341 133.86607 36.255 121.82341 129.03708 36.255
1
-214.27194 -500.5 0.744834 -215.13475 -500.5 1.607638 -214.27194 -0.5 0.744834
-215.13475 -250 1.607638 -214.27194 -250 0.744834 -213.09637 -250 2.362868
1
98.398705 -141.15315 2.277019 98.398705 -141.72379 2.091609 98.398705 -141.27194 3.027001
83.42246 -141.27194 3.027001 98.42246 -141.27194 16.80194 98.42246 -141.27194 9.871942
0
-382.14075 -50 0 -128.7194 -50 0 -382.14075 -50 1
-129.1539 -50 -0.244889 -128.34488 -50 -0.832674 -128.48578 -50 0.423231
1
-250 186.46796 2.211146 -250 186.31134 3.199995 -250 187.81134 3.199997
-250 184.9065 3.199997 -250 186.4065 3.199995 -250 184.8233 2.674671
1
-1575 153.87038 70.95216 -1575 184.89232 -22.113672 -1575 152.44736 70.47782
-1575 152.45 101.5 -1575 152.45 3.399995 -1575 150.95 101.5
1
-149.88367 -24.97241 25.17707 -152.22476 -24.97241 -22.995914 -150.72499 -24.97241 -23.02209
-150.79535 -24.97241 1.319087 -150.08742 -24.97241 0.611146 -149.20573 -24.97241 1.824671
1
-157.5 -5.5 -338.6725 -157.5 -3.445887 -218.67249 -157.5 5.5 -338.6725
-157.5 -0.731354 -219.68199 -157.5 -9.913654 -209.10205 -157.5 6.869339 -213.09981
0
-25 -5 -237.93211 -25 -0.965926 -252.98749 -25 5.5 -357.19092
-25 0.352931 -239.93565 -25 0 -172.7929 -25 0 -170.5
0
766.1088 939.04803 -39.438984 765.4214 55.91633 -39.438984 737.0596 70.09723 -39.43898
766.1806 55.729404 -39.438984 70.16069 56.163067 -39.438984 70.227264 56.21574 -39.438984
0
-300 -186.4065 -23.706505 -300 -186.4065 22.7065 -300 -184.9065 -23.706503
-300 -185.0874 0.611146 -300 -185.79535 1.319087 -300 -184.58182 2.200765
1
802.51135 -450 -43.078094 825.01135 -450 -4.106952 800.7793 -450 -42.078094
778.84546 -450 -3.106952 799.6134 -450 -43.078094 801.34546 -450 -42.078094
1
-147.06488 -68.47163 0 -36.469376 -68.47163 0 -147.06488 -68.47163 1
-57.957466 -68.47163 0.585786 -57.30862 -68.47163 0.152241 -56.925938 -68.47163 1.07612
1
-276.95 1089.05 3.05 -276.95 1107.5289 192.02179 -276.95 1089.05 159.98662
-274.07483 1107.95 3.05 -276.95 1107.9951 3.05 -276.95 1089.05 3.05
1
-72.5 -5.5 -306.5523 -72.5 -3.578245 -136.55232 -72.5 5.5 -306.5523
-72.5 0.352931 -139.93565 -72.5 0 -72.79289 -72.5 0 -70.5
0
-185 -5.5 -306.5523 -185 -3.578245 -136.55232 -185 5.5 -306.5523
-185 0.352931 -139.93565 -185 0 -72.79289 -185 0 -70.5
0
-83.299995 -247.84964 398.4569 -83.299995 -245.0489 397.38184 -83.299995 -303.51923 253.43275
-83.299995 -276.61057 293.20926 -83.299995 -279.61057 293.20923 -83.299995 -276.4951 294.52896
0
300 -213.96164 28.66079 300 -205.66295 -14.032178 300 -212.4892 28.947002
300 -204.79108 2.25 300 -206.09012 1.5 300 -204.45622 1.850933
0
364.91235 -500 45.220196 398.49945 -500 164.77348 397.05054 -500 165.16171
365.6101 -500 48.18105 365.99152 -500 49.161873 364.54266 -500 49.550102
1
523.3395 -86.7 -5.710797 525.6395 -86.7 2.461331 523.3395 -86.7 2.461331
523.2361 -86.7 0.616283 524.1887 -86.7 1.347309 522.5624 -86.7 2.973655
1
-188.375 -185.79535 1.319087 -688.375 -185.79535 1.319087 -688.375 -185.0874 0.611146
-250 -185.0874 0.611146 -250 -185.79535 1.319087 -250 -184.58182 2.200765
1
