-----------------
NurbsCurve3
(60.760903,73.219229,292.037327)
(61.377516,76.318949,292.037327)
(63.133338,78.946794,292.037327)
(65.761182,80.702616,292.037327)
(68.860903,81.319229,292.037327)
(71.960623,80.702616,292.037327)
(74.588468,78.946794,292.037327)
(76.344289,76.318949,292.037327)
(76.960903,73.219229,292.037327)
NurbsCurve3
(76.960903,73.219229,292.037327)
(76.344289,70.119509,292.037327)
(74.588468,67.491664,292.037327)
(71.960623,65.735843,292.037327)
(68.860903,65.119229,292.037327)
(65.761182,65.735843,292.037327)
(63.133338,67.491664,292.037327)
(61.377516,70.119509,292.037327)
(60.760903,73.219229,292.037327)
(60.760903,73.219229,292.037327)
-----------------
NurbsCurve3
(-69.507005,-44.608595,311.876827)
(-70.106975,-43.989182,311.906422)
(-72.179118,-42.479419,311.978558)
(-74.567637,-41.545988,312.023157)
Line3
(-74.567637,-41.545988,312.023157)
(-113.923813,-31.74908,312.491247)
NurbsCurve3
(-113.923813,-31.74908,312.491247)
(-116.149763,-30.531627,312.549417)
(-117.491969,-28.377133,312.652357)
(-117.710286,-27.136637,312.711628)
Line3
(-117.710286,-27.136637,312.711628)
(-120.175955,24.281964,315.168386)
NurbsCurve3
(-120.175955,24.281964,315.168386)
(-120.057701,25.628048,315.232701)
(-118.752182,28.021683,315.347068)
(-116.38653,29.374119,315.411687)
Line3
(-116.38653,29.374119,315.411687)
(-106.678977,31.784342,315.526847)
NurbsCurve3
(-106.678977,31.784342,315.526847)
(-104.500545,32.325211,316.088409)
(-104.01536,32.445674,316.385948)
(-104.015134,32.44573,316.386105)
NurbsCurve3
(-104.015133,32.44573,316.386105)
(-102.888724,32.725399,317.171695)
NurbsCurve3
(-102.888748,32.725393,317.171733)
(-90.995471,35.678296,325.435491)
(-86.520663,36.789316,328.537649)
NurbsCurve3
(-86.520663,36.789316,328.537649)
(-85.896006,37.020601,328.982213)
NurbsCurve3
(-85.895813,37.020697,328.98235)
(-85.834708,37.052308,329.026449)
(-84.622216,38.241968,329.692542)
NurbsCurve3
(-84.622216,38.241968,329.692542)
(-83.630767,40.486407,329.964017)
(-83.630767,40.486409,329.964017)
NurbsCurve3
(-83.630767,40.486409,329.964017)
(-83.161431,42.292957,330.040236)
NurbsCurve3
(-83.161431,42.292957,330.040236)
(-82.281552,45.042885,330.152695)
(-80.795,47.519088,330.239018)
(-78.782357,49.587929,330.294552)
(-76.349289,51.141499,330.316417)
(-73.625978,52.096782,330.303447)
(-70.756686,52.403596,330.25635)
(-67.891899,52.045458,330.177577)
(-65.185926,51.04148,330.071363)
(-62.779581,49.443293,329.943205)
(-60.803638,47.337032,329.800035)
(-58.830559,43.349293,329.567024)
(-58.830559,43.349293,329.567024)
Line3
(-58.830559,43.349293,329.567024)
(-58.423138,42.225617,329.504564)
NurbsCurve3
(-58.423138,42.225617,329.504564)
(-57.314359,40.711455,329.408349)
(-55.500333,39.475397,329.310243)
(-55.500332,39.475397,329.310243)
NurbsCurve3
(-55.500333,39.475396,329.310243)
(-54.642398,39.173273,329.19934)
(-54.642275,39.17324,329.199313)
NurbsCurve3
(-54.642276,39.17324,329.199311)
(-54.642276,39.17324,329.199311)
(-52.759774,38.975674,328.362417)
(-52.759761,38.975675,328.362408)
NurbsCurve3
(-52.759751,38.975676,328.362423)
(-52.360471,39.010511,328.077023)
NurbsCurve3
(-52.360471,39.010511,328.077023)
(-52.015988,39.035681,327.830365)
NurbsCurve3
(-52.015988,39.035681,327.830365)
(-50.941406,39.108135,327.060296)
NurbsCurve3
(-50.941406,39.108135,327.060296)
(-46.439745,39.315413,323.825925)
NurbsCurve3
(-46.439745,39.315413,323.825925)
(-43.517132,39.435255,321.724549)
NurbsCurve3
(-43.517132,39.435255,321.724549)
(-42.054128,39.506952,320.673293)
NurbsCurve3
(-42.054128,39.506952,320.673293)
(-40.961116,39.580136,319.889063)
NurbsCurve3
(-40.961116,39.580136,319.889063)
(-38.592443,39.718249,318.188078)
NurbsCurve3
(-38.592443,39.718249,318.188078)
(-37.099276,40.102992,317.131994)
(-35.770655,41.128975,316.216265)
NurbsCurve3
(-35.770655,41.128975,316.216265)
(-35.649152,41.272692,316.132998)
NurbsCurve3
(-35.648833,41.273069,316.132793)
(-35.616371,41.311466,316.110681)
(-34.310035,42.856627,315.508903)
(-32.919239,44.50169,315.345985)
Line3
(-32.919239,44.50169,315.345985)
(-28.941521,49.206619,315.485131)
Line3
(-28.941521,49.206619,315.485131)
(-28.359185,49.951767,315.508194)
NurbsCurve3
(-28.359185,49.951767,315.508194)
(-27.149976,51.191952,315.541411)
(-25.67418,52.09927,315.552983)
(-24.021277,52.618512,315.5422)
(-22.291868,52.718136,315.50972)
(-20.589622,52.391907,315.457478)
(-19.019251,51.659765,315.388681)
(-17.674309,50.564903,315.307408)
(-16.63819,49.174651,315.218671)
(-16.385969,48.687768,315.189977)
(-16.385969,48.687768,315.189977)
Line3
(-16.385969,48.687768,315.189977)
(-9.512232,22.155807,313.774276)
Line3
(-9.512232,22.155807,313.774276)
(-2.864792,3.706592,312.749638)
NurbsCurve3
(-2.864792,3.706592,312.749638)
(-0.762123,-3.636494,312.353511)
(-0.08057,-11.245132,311.975297)
Line3
(-0.080417,-11.245132,311.975294)
(-0.62029,-14.316522,311.840169)
NurbsCurve3
(-0.62029,-14.316522,311.840169)
(-0.767259,-16.335244,311.746881)
(0.090246,-18.169944,311.640754)
(0.823425,-18.857178,311.592131)
NurbsCurve3
(0.823425,-18.857178,311.592131)
(0.823425,-18.857178,311.592131)
(1.317428,-19.054914,311.572045)
(2.976522,-19.172425,311.530705)
(4.508595,-18.52462,311.528666)
(5.579469,-17.253827,311.566324)
NurbsCurve3
(5.579469,-17.253827,311.566324)
(6.0473,-16.420021,311.596089)
NurbsCurve3
(6.0473,-16.420021,311.596089)
(6.403078,-15.755409,311.579167)
(6.403078,-15.755409,311.579167)
NurbsCurve3
(6.403078,-15.755409,311.579168)
(6.403079,-15.755408,311.579168)
(6.937948,-14.699989,311.459494)
(7.165166,-14.228762,311.393484)
(7.390483,-13.746491,311.324901)
(7.838945,-12.737125,311.216599)
(8.063852,-12.203079,311.190425)
(8.16715,-11.950865,311.18425)
(8.16715,-11.950865,311.18425)
NurbsCurve3
(8.16715,-11.950865,311.184274)
(8.167153,-11.950858,311.184274)
(8.51255,-11.072439,311.184912)
NurbsCurve3
(8.51255,-11.072439,311.184915)
(8.512551,-11.072437,311.184915)
(8.714487,-10.531034,311.194887)
(8.982403,-9.776124,311.209468)
(9.234069,-9.023144,311.224187)
NurbsCurve3
(9.234069,-9.023144,311.224187)
(9.675321,-7.263026,311.253915)
(9.72775,-6.90835,311.25827)
(9.749685,-6.729869,311.260321)
(9.768684,-6.551227,311.262406)
(9.797808,-6.194772,311.266772)
(9.82123,-5.477332,311.276364)
NurbsCurve3
(9.82123,-5.477332,311.276364)
(9.762975,-3.365232,311.311237)
(9.762937,-3.363863,311.311263)
NurbsCurve3
(9.762937,-3.363868,311.311263)
(9.758483,-3.202379,311.314345)
Line3
(9.758483,-3.202379,311.314345)
(9.715242,-1.634629,311.343949)
NurbsCurve3
(9.715242,-1.634613,311.343949)
(9.715224,-1.633975,311.343961)
(9.7055,-1.281396,311.350618)
NurbsCurve3
(9.7055,-1.281396,311.350618)
(9.607775,2.261738,311.262899)
(9.500175,6.162909,310.805566)
(9.337498,12.060974,309.336376)
(9.282985,14.037431,308.6064)
NurbsCurve3
(9.282985,14.037431,308.6064)
(9.282985,14.037431,308.6064)
(9.326138,15.851864,307.773242)
NurbsCurve3
(9.326138,15.851864,307.773242)
(9.167024,18.876182,306.171584)
NurbsCurve3
(9.167024,18.876182,306.171584)
(9.037864,20.843047,304.90474)
NurbsCurve3
(9.037864,20.843047,304.90474)
(8.869281,22.609428,303.601984)
(8.776008,23.290116,303.063401)
(8.668391,23.961399,302.50877)
(8.608255,24.299512,302.221044)
(7.89887,27.289134,299.371089)
(7.89887,27.289134,299.371089)
NurbsCurve3
(7.89886,27.289168,299.37114)
(7.895122,27.301956,299.357545)
(7.83423,27.507337,299.144566)
NurbsCurve3
(7.83423,27.507337,299.144566)
(7.245228,29.551605,297.37459)
(6.695812,31.634946,295.995991)
(6.500099,32.427442,295.549673)
(6.184284,33.773402,294.871829)
(6.082932,34.22516,294.664853)
(6.014851,34.534598,294.528673)
(5.947137,34.847388,294.395196)
(5.831512,35.393777,294.172508)
(5.718017,35.946299,293.960155)
(5.671725,36.176598,293.875251)
(5.626179,36.406135,293.792995)
(5.579841,36.64278,293.710297)
(5.442822,37.362181,293.472111)
(5.27176,38.306262,293.18899)
(5.230133,38.544631,293.122646)
(5.108891,39.260551,292.935512)
(5.070182,39.496442,292.877947)
(5.031721,39.734612,292.821725)
(4.81029,41.189553,292.521019)
(4.239037,46.032647,292.040669)
NurbsCurve3
(4.239037,46.032647,292.040669)
(4.229026,46.14236,292.039186)
(4.229026,46.14236,292.039186)
NurbsCurve3
(4.229026,46.14236,292.039186)
(4.191934,46.470537,292.037327)
Line3
(4.191934,46.470537,292.037327)
(2.316257,63.065751,292.037327)
Line3
(2.316257,63.065751,292.037327)
(-0.964442,93.871438,292.037327)
Arc3
(-0.964442,93.871438,292.037327)
(-0.691844,95.474825,292.037327)
(0.377397,96.700338,292.037327)
(1.929025,97.187791,292.037327)
Line3
(1.929025,97.187791,292.037327)
(5.040283,97.280823,292.037327)
Line3
(5.040283,97.280823,292.037327)
(60.609641,100.441194,292.037327)
Line3
(60.609641,100.441194,292.037327)
(111.85619,103.482892,292.037327)
Arc3
(111.85619,103.482892,292.037327)
(115.197647,102.965392,292.037327)
(118.026854,101.113708,292.037327)
(119.838392,98.25863,292.037327)
(120.308643,94.910197,292.037327)
Line3
(120.308643,94.910197,292.037327)
(117.849337,61.46927,292.037327)
Arc3
(117.849337,61.46927,292.037327)
(118.428936,58.740575,292.037327)
(120.380277,56.747089,292.037327)
Arc3
(120.380277,56.747089,292.037327)
(122.241862,54.913867,292.037327)
(122.924585,52.391945,292.037327)
Line3
(122.924585,52.391945,292.037327)
(122.924449,45.045003,292.037327)
Arc3
(122.924449,45.045003,292.037327)
(122.994886,42.391934,292.037327)
NurbsCurve3
(122.994886,42.391934,292.037327)
(122.994886,42.391934,292.037327)
(123.069107,41.244244,291.809163)
(123.152822,40.271643,291.159622)
(123.219526,39.620866,290.186811)
(123.245047,39.391934,289.037327)
(123.245047,39.391934,289.037327)
Line3
(123.245048,39.391927,289.037327)
(123.245048,39.391927,285.037327)
NurbsCurve3
(123.245047,39.391934,285.037318)
(123.245048,39.391927,285.025174)
(123.323648,38.739803,281.485235)
NurbsCurve3
(123.323648,38.739803,281.485235)
(123.323648,38.739803,281.485235)
(123.474554,37.552651,279.257832)
(123.691086,35.849236,277.40167)
(124.056013,32.978413,275.702598)
NurbsCurve3
(124.056013,32.978413,275.702598)
(124.122802,31.206983,275.203427)
(123.861692,29.391934,275.037327)
Arc3
(123.861692,29.391934,275.037327)
(122.578058,26.357462,275.037327)
(120.37796,23.904851,275.037327)
(117.500233,22.300349,275.037327)
Line3
(117.500233,22.300349,275.037327)
(86.591363,11.257657,275.037327)
Line3
(86.591363,11.257657,275.037327)
(73.229488,5.633308,275.037327)
Arc3
(73.229488,5.633308,275.037327)
(68.923393,3.300292,275.037327)
(65.154764,0.172536,275.037327)
(62.068229,-3.629926,275.037327)
(59.782239,-7.961169,275.037327)
Line3
(59.782239,-7.961169,275.037327)
(43.649543,-47.486113,275.037327)
Arc3
(43.649543,-47.486113,275.037327)
(41.012484,-55.90249,275.037327)
(39.817928,-64.641054,275.037327)
(40.09942,-73.456395,275.037327)
Line3
(40.09942,-73.456395,275.037327)
(42.36449,-92.927285,275.037327)
Arc3
(42.36449,-92.927285,275.037327)
(42.271394,-96.824838,275.037327)
(41.107105,-100.545592,275.037327)
(38.961913,-103.801008,275.037327)
(36.002176,-106.338631,275.037327)
(32.457417,-107.961673,275.037327)
Line3
(32.457417,-107.961673,275.037327)
(-32.591159,-127.350909,275.037327)
Arc3
(-32.591159,-127.350909,275.037327)
(-36.449578,-127.717264,275.037327)
(-40.157498,-126.589015,275.037327)
(-43.157929,-124.135644,275.037327)
(-45.000158,-120.725687,275.037327)
Line3
(-45.000158,-120.725687,275.037327)
(-64.261948,-58.524587,275.037327)
NurbsCurve3
(-64.261948,-58.524587,275.037327)
(-65.045834,-55.993226,275.394301)
(-65.773824,-53.642363,276.439837)
(-66.374664,-51.702102,278.032645)
(-66.834944,-50.215744,280.092133)
(-67.123775,-49.283037,282.479544)
(-67.22225,-48.965036,285.037327)
(-67.22225,-48.965036,285.037327)
Line3
(-67.22225,-48.965036,285.037327)
(-67.22225,-48.965036,308.769901)
NurbsCurve3
(-67.22225,-48.965036,308.769901)
(-67.382728,-48.446814,310.488257)
(-67.430748,-48.291745,310.701102)
(-67.430748,-48.291745,310.701102)
NurbsCurve3
(-67.430748,-48.291745,310.701102)
(-68.055209,-46.74533,311.701495)
NurbsCurve3
(-68.054122,-46.747484,311.71567)
(-68.054947,-46.745849,311.716014)
(-68.242832,-46.391279,311.763793)
(-68.242864,-46.391223,311.763797)
NurbsCurve3
(-68.242864,-46.391223,311.763797)
(-68.242864,-46.391223,311.763797)
(-69.507004,-44.608596,311.876191)
(-69.507026,-44.608571,311.876193)
