Entity: E3Cylinder #95
TMESH
1
30
244.121552,693.827454,-986.916199,  1,0,0
244.715744,693.827454,-989.519531,  0.901,0,0.4338
246.380615,693.827454,-991.607239,  0.6235,0,0.7817
248.786423,693.827454,-992.765808,  0.2225,0,0.975
251.45668,693.827454,-992.765808,  -0.2225,0,0.975
253.862488,693.827454,-991.607239,  -0.6235,0,0.7817
255.527374,693.827454,-989.519531,  -0.901,0,0.4338
256.121552,693.827454,-986.916199,  -1,0,0
255.527374,693.827454,-984.312927,  -0.901,0,-0.4338
253.862488,693.827454,-982.22522,  -0.6235,0,-0.7817
251.45668,693.827454,-981.06665,  -0.2225,0,-0.975
248.786423,693.827454,-981.06665,  0.2225,0,-0.975
246.380615,693.827454,-982.22522,  0.6235,0,-0.7817
244.715744,693.827454,-984.312927,  0.901,0,-0.4338
244.121552,693.827454,-986.916199,  1,0,0
244.121552,694.827454,-986.916199,  1,0,0
244.715744,694.827454,-989.519531,  0.901,0,0.4338
246.380615,694.827454,-991.607239,  0.6235,0,0.7817
248.786423,694.827454,-992.765808,  0.2225,0,0.975
251.45668,694.827454,-992.765808,  -0.2225,0,0.975
253.862488,694.827454,-991.607239,  -0.6235,0,0.7817
255.527374,694.827454,-989.519531,  -0.901,0,0.4338
256.121552,694.827454,-986.916199,  -1,0,0
255.527374,694.827454,-984.312927,  -0.901,0,-0.4338
253.862488,694.827454,-982.22522,  -0.6235,0,-0.7817
251.45668,694.827454,-981.06665,  -0.2225,0,-0.975
248.786423,694.827454,-981.06665,  0.2225,0,-0.975
246.380615,694.827454,-982.22522,  0.6235,0,-0.7817
244.715744,694.827454,-984.312927,  0.901,0,-0.4338
244.121552,694.827454,-986.916199,  1,0,0
30
15 29 0
0 29 14
29 28 14
14 28 13
28 27 13
13 27 12
27 26 12
12 26 11
26 25 11
11 25 10
25 24 10
10 24 9
24 23 9
9 23 8
23 22 8
8 22 7
22 21 7
7 21 6
21 20 6
6 20 5
20 19 5
5 19 4
19 18 4
4 18 3
18 17 3
3 17 2
17 16 2
2 16 1
16 15 1
1 15 0
30
0 1
15 16
1 2
16 17
2 3
17 18
3 4
18 19
4 5
19 20
5 6
20 21
6 7
21 22
7 8
22 23
8 9
23 24
9 10
24 25
10 11
25 26
11 12
26 27
12 13
27 28
13 14
28 29
14 0
29 15
EOF
----------------
Entity: E3Cylinder #123
TMESH
1
30
200.371552,693.827454,-986.916199,  1,0,0
200.965744,693.827454,-989.519531,  0.901,0,0.4338
202.630615,693.827454,-991.607239,  0.6235,0,0.7817
205.036423,693.827454,-992.765808,  0.2225,0,0.975
207.70668,693.827454,-992.765808,  -0.2225,0,0.975
210.112488,693.827454,-991.607239,  -0.6235,0,0.7817
211.777374,693.827454,-989.519531,  -0.901,0,0.4338
212.371552,693.827454,-986.916199,  -1,0,0
211.777374,693.827454,-984.312927,  -0.901,0,-0.4338
210.112488,693.827454,-982.22522,  -0.6235,0,-0.7817
207.70668,693.827454,-981.06665,  -0.2225,0,-0.975
205.036423,693.827454,-981.06665,  0.2225,0,-0.975
202.630615,693.827454,-982.22522,  0.6235,0,-0.7817
200.965744,693.827454,-984.312927,  0.901,0,-0.4338
200.371552,693.827454,-986.916199,  1,0,0
200.371552,694.827454,-986.916199,  1,0,0
200.965744,694.827454,-989.519531,  0.901,0,0.4338
202.630615,694.827454,-991.607239,  0.6235,0,0.7817
205.036423,694.827454,-992.765808,  0.2225,0,0.975
207.70668,694.827454,-992.765808,  -0.2225,0,0.975
210.112488,694.827454,-991.607239,  -0.6235,0,0.7817
211.777374,694.827454,-989.519531,  -0.901,0,0.4338
212.371552,694.827454,-986.916199,  -1,0,0
211.777374,694.827454,-984.312927,  -0.901,0,-0.4338
210.112488,694.827454,-982.22522,  -0.6235,0,-0.7817
207.70668,694.827454,-981.06665,  -0.2225,0,-0.975
205.036423,694.827454,-981.06665,  0.2225,0,-0.975
202.630615,694.827454,-982.22522,  0.6235,0,-0.7817
200.965744,694.827454,-984.312927,  0.901,0,-0.4338
200.371552,694.827454,-986.916199,  1,0,0
30
15 29 0
0 29 14
29 28 14
14 28 13
28 27 13
13 27 12
27 26 12
12 26 11
26 25 11
11 25 10
25 24 10
10 24 9
24 23 9
9 23 8
23 22 8
8 22 7
22 21 7
7 21 6
21 20 6
6 20 5
20 19 5
5 19 4
19 18 4
4 18 3
18 17 3
3 17 2
17 16 2
2 16 1
16 15 1
1 15 0
30
0 1
15 16
1 2
16 17
2 3
17 18
3 4
18 19
4 5
19 20
5 6
20 21
6 7
21 22
7 8
22 23
8 9
23 24
9 10
24 25
10 11
25 26
11 12
26 27
12 13
27 28
13 14
28 29
14 0
29 15
EOF
----------------
Entity: E3Cylinder #165
TMESH
1
8
522.741577,711.327454,-1067.496216,  1,-0,-0
522.741577,711.327454,-1067.496216,  1,-0,-0
522.155762,712.741638,-1067.496216,  0.707,0.707,-0
520.741577,713.327454,-1067.496216,  -0,1,-0
522.741577,711.327454,-1068.496216,  1,-0,-0
522.155762,712.741638,-1068.496216,  0.707,0.707,-0
520.741577,713.327454,-1068.496216,  -0,1,-0
520.741577,713.327454,-1068.496216,  -0,1,-0
6
0 4 1
1 4 5
1 5 2
2 5 6
2 6 3
3 6 7
8
0 4
3 7
0 1
5 4
1 2
6 5
2 3
7 6
EOF
----------------
Entity: E3Plane #235
TMESH
1
24
522.741577,711.327454,-1067.496216,  0,-0,1
522.155762,712.741638,-1067.496216,  0,-0,1
520.741577,713.327454,-1067.496216,  0,-0,1
165.801559,713.327454,-1067.496216,  0,-0,1
164.387344,712.741638,-1067.496216,  0,-0,1
163.801559,711.327454,-1067.496216,  0,-0,1
163.801559,695.827454,-1067.496216,  0,-0,1
522.741577,695.827454,-1067.496216,  0,-0,1
448.236877,705.124634,-1067.496216,  0,-0,1
449.064178,706.027527,-1067.496216,  0,-0,1
450.287598,706.080933,-1067.496216,  0,-0,1
451.19046,705.253601,-1067.496216,  0,-0,1
451.243896,704.030212,-1067.496216,  0,-0,1
450.416565,703.127319,-1067.496216,  0,-0,1
449.193146,703.073914,-1067.496216,  0,-0,1
448.290283,703.901245,-1067.496216,  0,-0,1
218.211105,705.124634,-1067.496216,  0,-0,1
219.038422,706.027527,-1067.496216,  0,-0,1
220.261841,706.080933,-1067.496216,  0,-0,1
221.164703,705.253601,-1067.496216,  0,-0,1
221.218109,704.030212,-1067.496216,  0,-0,1
220.390793,703.127319,-1067.496216,  0,-0,1
219.167374,703.073914,-1067.496216,  0,-0,1
218.264511,703.901245,-1067.496216,  0,-0,1
26
0 1 2
7 0 2
10 7 2
9 10 2
18 14 15
18 15 8
18 8 9
18 9 2
3 16 17
3 17 18
3 18 2
23 16 3
4 23 3
22 23 4
5 22 4
11 7 10
12 7 11
13 7 12
14 7 13
18 7 14
19 7 18
20 7 19
21 7 20
22 7 21
6 22 5
6 7 22
24
7 0
0 1
1 2
2 3
3 4
4 5
5 6
6 7
15 8
8 9
9 10
10 11
11 12
12 13
13 14
14 15
23 16
16 17
17 18
18 19
19 20
20 21
21 22
22 23
EOF
----------------
Entity: E3Plane #259
TMESH
1
4
520.741577,713.327454,-1067.496216,  -0,1,0
520.741577,713.327454,-1068.496216,  -0,1,0
165.801559,713.327454,-1068.496216,  -0,1,0
165.801559,713.327454,-1067.496216,  -0,1,0
2
3 0 1
2 3 1
4
3 0
0 1
1 2
2 3
EOF
----------------
Entity: E3Cylinder #284
TMESH
1
8
163.801559,711.327454,-1068.496216,  -1,-0,-0
163.801559,711.327454,-1068.496216,  -1,-0,-0
164.387344,712.741638,-1068.496216,  -0.707,0.707,-0
165.801559,713.327454,-1068.496216,  -0,1,-0
163.801559,711.327454,-1067.496216,  -1,-0,-0
164.387344,712.741638,-1067.496216,  -0.707,0.707,-0
165.801559,713.327454,-1067.496216,  -0,1,-0
165.801559,713.327454,-1067.496216,  -0,1,-0
6
0 4 1
1 4 5
1 5 2
2 5 6
2 6 3
3 6 7
8
0 4
3 7
0 1
5 4
1 2
6 5
2 3
7 6
EOF
----------------
Entity: E3Plane #364
TMESH
1
24
145.301559,691.994019,-1067.496216,  0,0,1
143.887344,691.408203,-1067.496216,  0,0,1
143.301559,689.994019,-1067.496216,  0,0,1
143.301559,412.978333,-1067.496216,  0,0,1
143.887344,411.564117,-1067.496216,  0,0,1
145.301559,410.978333,-1067.496216,  0,0,1
160.801559,410.978333,-1067.496216,  0,0,1
160.801559,691.994019,-1067.496216,  0,0,1
150.451553,673.978333,-1067.496216,  0,0,1
150.920181,675.10968,-1067.496216,  0,0,1
152.051559,675.578308,-1067.496216,  0,0,1
153.182922,675.10968,-1067.496216,  0,0,1
153.65155,673.978333,-1067.496216,  0,0,1
153.182922,672.846985,-1067.496216,  0,0,1
152.051559,672.378357,-1067.496216,  0,0,1
150.920181,672.846985,-1067.496216,  0,0,1
150.451553,440.978333,-1067.496216,  0,0,1
150.920181,442.109711,-1067.496216,  0,0,1
152.051559,442.578339,-1067.496216,  0,0,1
153.182922,442.109711,-1067.496216,  0,0,1
153.65155,440.978333,-1067.496216,  0,0,1
153.182922,439.846954,-1067.496216,  0,0,1
152.051559,439.378326,-1067.496216,  0,0,1
150.920181,439.846954,-1067.496216,  0,0,1
26
3 4 5
6 3 5
22 3 6
23 3 22
16 3 23
14 17 18
14 16 17
14 3 16
15 3 14
8 3 15
2 9 10
2 8 9
2 3 8
21 22 6
20 21 6
14 18 19
14 19 20
14 20 6
13 14 6
12 13 6
2 10 11
1 2 11
0 1 11
7 0 11
7 11 12
7 12 6
24
7 0
0 1
1 2
2 3
3 4
4 5
5 6
6 7
15 8
8 9
9 10
10 11
11 12
12 13
13 14
14 15
23 16
16 17
17 18
18 19
19 20
20 21
21 22
22 23
EOF
----------------
Entity: E3Plane #422
TMESH
1
8
179.801559,407.978333,-1065.496216,  0,-1,0
181.215775,407.978333,-1064.9104,  0,-1,0
181.801559,407.978333,-1063.496216,  0,-1,0
181.801559,407.978333,-984.996216,  0,-1,0
181.215775,407.978333,-983.582031,  0,-1,0
179.801559,407.978333,-982.996216,  0,-1,0
163.801559,407.978333,-982.996216,  0,-1,0
163.801559,407.978333,-1065.496216,  0,-1,0
6
5 6 7
4 5 7
3 4 7
0 3 7
1 3 0
2 3 1
8
7 0
0 1
1 2
2 3
3 4
4 5
5 6
6 7
EOF
----------------
Entity: E3Plane #480
TMESH
1
8
181.801559,679.853577,-979.996216,  0,-0,1
181.215775,681.267822,-979.996216,  0,-0,1
179.801559,681.853577,-979.996216,  0,-0,1
163.801559,681.853577,-979.996216,  0,-0,1
163.801559,410.978333,-979.996216,  0,-0,1
179.801559,410.978333,-979.996216,  0,-0,1
181.215775,411.564117,-979.996216,  0,-0,1
181.801559,412.978333,-979.996216,  0,-0,1
6
0 1 2
3 0 2
7 0 3
6 7 3
5 6 3
4 5 3
8
7 0
0 1
1 2
2 3
3 4
4 5
5 6
6 7
EOF
----------------
Entity: E3Plane #511
TMESH
1
4
181.801559,679.853577,-980.996216,  1,0,0
181.801559,679.853577,-979.996216,  1,0,0
181.801559,412.978333,-979.996216,  1,0,0
181.801559,412.978333,-980.996216,  1,0,0
2
1 2 3
0 1 3
4
3 0
0 1
1 2
2 3
EOF
----------------
Entity: E3Plane #551
TMESH
1
4
161.801559,681.853577,-982.496216,  0,-0,1
162.801559,681.853577,-982.496216,  0,-0,1
162.801559,684.853577,-982.496216,  0,-0,1
161.801559,684.853577,-982.496216,  0,-0,1
2
1 2 3
0 1 3
4
3 0
0 1
1 2
2 3
EOF
----------------
Entity: E3Cylinder #584
TMESH
1
8
161.801559,410.978333,-1066.496216,  -1,0,0
161.801559,410.978333,-1066.496216,  -1,0,0
161.508667,410.978333,-1067.203369,  -0.707,0,0.707
160.801559,410.978333,-1067.496216,  0,0,1
161.801559,691.994019,-1066.496216,  -1,0,0
161.508667,691.994019,-1067.203369,  -0.707,0,0.707
160.801559,691.994019,-1067.496216,  0,0,1
160.801559,691.994019,-1067.496216,  0,0,1
6
0 4 1
1 4 5
1 5 2
2 5 6
2 6 3
3 6 7
8
0 4
3 7
0 1
5 4
1 2
6 5
2 3
7 6
EOF
----------------
Entity: E3Plane #641
TMESH
1
10
145.301559,691.994019,-1068.496216,  -0,1,0
145.301559,691.994019,-1067.496216,  -0,1,0
160.801559,691.994019,-1067.496216,  -0,1,0
161.508667,691.994019,-1067.203369,  -0,1,0
161.801559,691.994019,-1066.496216,  -0,1,0
161.801559,691.994019,-1065.496216,  -0,1,0
162.801559,691.994019,-1065.496216,  -0,1,0
162.801559,691.994019,-1066.496216,  -0,1,0
162.215775,691.994019,-1067.9104,  -0,1,0
160.801559,691.994019,-1068.496216,  -0,1,0
8
8 6 7
5 6 8
4 5 8
3 4 8
2 3 8
9 2 8
1 2 9
0 1 9
10
9 0
0 1
1 2
2 3
3 4
4 5
5 6
6 7
7 8
8 9
EOF
----------------
Entity: E3Cylinder #673
TMESH
1
8
162.801559,691.994019,-1066.496216,  1,-0,-0
162.801559,691.994019,-1066.496216,  1,-0,-0
162.215775,691.994019,-1067.9104,  0.707,-0,-0.707
160.801559,691.994019,-1068.496216,  -0,-0,-1
162.801559,410.978333,-1066.496216,  1,-0,-0
162.215775,410.978333,-1067.9104,  0.707,-0,-0.707
160.801559,410.978333,-1068.496216,  -0,-0,-1
160.801559,410.978333,-1068.496216,  -0,-0,-1
6
0 4 1
1 4 5
1 5 2
2 5 6
2 6 3
3 6 7
8
0 4
3 7
0 1
5 4
1 2
6 5
2 3
7 6
EOF
----------------
Entity: E3Cylinder #715
TMESH
1
8
163.801559,408.978333,-982.996216,  0,1,0
163.801559,408.978333,-982.996216,  0,1,0
163.094452,409.27124,-982.996216,  0.707,0.707,0
162.801559,409.978333,-982.996216,  1,0,0
163.801559,408.978333,-1065.496216,  0,1,0
163.094452,409.27124,-1065.496216,  0.707,0.707,0
162.801559,409.978333,-1065.496216,  1,0,0
162.801559,409.978333,-1065.496216,  1,0,0
6
0 4 1
1 4 5
1 5 2
2 5 6
2 6 3
3 6 7
8
0 4
3 7
0 1
5 4
1 2
6 5
2 3
7 6
EOF
----------------
Entity: E3Plane #770
TMESH
1
10
179.801559,408.978333,-1065.496216,  0,0,-1
179.801559,407.978333,-1065.496216,  0,0,-1
163.801559,407.978333,-1065.496216,  0,0,-1
162.387344,408.564117,-1065.496216,  0,0,-1
161.801559,409.978333,-1065.496216,  0,0,-1
161.801559,410.978333,-1065.496216,  0,0,-1
162.801559,410.978333,-1065.496216,  0,0,-1
162.801559,409.978333,-1065.496216,  0,0,-1
163.094452,409.27124,-1065.496216,  0,0,-1
163.801559,408.978333,-1065.496216,  0,0,-1
8
2 0 1
3 0 2
9 0 3
8 9 3
7 8 3
4 7 3
6 7 4
5 6 4
10
9 0
0 1
1 2
2 3
3 4
4 5
5 6
6 7
7 8
8 9
EOF
----------------
Entity: E3Cylinder #795
TMESH
1
8
161.801559,409.978333,-982.996216,  -1,-0,-0
161.801559,409.978333,-982.996216,  -1,-0,-0
162.387344,408.564117,-982.996216,  -0.707,-0.707,-0
163.801559,407.978333,-982.996216,  -0,-1,-0
161.801559,409.978333,-1065.496216,  -1,-0,-0
162.387344,408.564117,-1065.496216,  -0.707,-0.707,-0
163.801559,407.978333,-1065.496216,  -0,-1,-0
163.801559,407.978333,-1065.496216,  -0,-1,-0
6
0 4 1
1 4 5
1 5 2
2 5 6
2 6 3
3 6 7
8
0 4
3 7
0 1
5 4
1 2
6 5
2 3
7 6
EOF
----------------
Entity: E3Cylinder #837
TMESH
1
8
163.801559,681.853577,-980.996216,  0,0,-1
163.801559,681.853577,-980.996216,  0,0,-1
163.094452,681.853577,-981.289124,  0.707,0,-0.707
162.801559,681.853577,-981.996216,  1,0,0
163.801559,410.978333,-980.996216,  0,0,-1
163.094452,410.978333,-981.289124,  0.707,0,-0.707
162.801559,410.978333,-981.996216,  1,0,0
162.801559,410.978333,-981.996216,  1,0,0
6
0 4 1
1 4 5
1 5 2
2 5 6
2 6 3
3 6 7
8
0 4
3 7
0 1
5 4
1 2
6 5
2 3
7 6
EOF
----------------
Entity: E3Cylinder #870
TMESH
1
8
163.801559,410.978333,-979.996216,  -0,-0,1
163.801559,410.978333,-979.996216,  -0,-0,1
162.387344,410.978333,-980.582031,  -0.707,-0,0.707
161.801559,410.978333,-981.996216,  -1,-0,-0
163.801559,681.853577,-979.996216,  -0,-0,1
162.387344,681.853577,-980.582031,  -0.707,-0,0.707
161.801559,681.853577,-981.996216,  -1,-0,-0
161.801559,681.853577,-981.996216,  -1,-0,-0
6
0 4 1
1 4 5
1 5 2
2 5 6
2 6 3
3 6 7
8
0 4
3 7
0 1
5 4
1 2
6 5
2 3
7 6
EOF
----------------
Entity: E3Plane #949
TMESH
1
16
162.801559,686.853577,-915.996216,  1,-0,0
162.801559,685.439392,-916.582031,  1,-0,0
162.801559,684.853577,-917.996216,  1,-0,0
162.801559,684.853577,-982.496216,  1,-0,0
162.801559,681.853577,-982.496216,  1,-0,0
162.801559,681.853577,-981.996216,  1,-0,0
162.801559,410.978333,-981.996216,  1,-0,0
162.801559,410.978333,-982.996216,  1,-0,0
162.801559,409.978333,-982.996216,  1,-0,0
162.801559,409.978333,-1065.496216,  1,-0,0
162.801559,410.978333,-1065.496216,  1,-0,0
162.801559,410.978333,-1066.496216,  1,-0,0
162.801559,691.994019,-1066.496216,  1,-0,0
162.801559,691.994019,-1065.496216,  1,-0,0
162.801559,692.827454,-1065.496216,  1,-0,0
162.801559,692.827454,-915.996216,  1,-0,0
14
3 13 14
15 3 14
0 3 15
1 3 0
2 3 1
3 12 13
4 12 3
11 4 5
11 12 4
10 11 5
9 10 5
7 9 5
6 7 5
8 9 7
16
15 0
0 1
1 2
2 3
3 4
4 5
5 6
6 7
7 8
8 9
9 10
10 11
11 12
12 13
13 14
14 15
EOF
----------------
Entity: E3Cylinder #969
TMESH
1
18
150.451553,440.978333,-1067.496216,  1,0,0
150.920181,439.846954,-1067.496216,  0.707,0.707,0
152.051559,439.378326,-1067.496216,  0,1,0
153.182922,439.846954,-1067.496216,  -0.707,0.707,0
153.65155,440.978333,-1067.496216,  -1,0,0
153.182922,442.109711,-1067.496216,  -0.707,-0.707,0
152.051559,442.578339,-1067.496216,  0,-1,0
150.920181,442.109711,-1067.496216,  0.707,-0.707,0
150.451553,440.978333,-1067.496216,  1,0,0
150.451553,440.978333,-1068.496216,  1,0,0
150.920181,439.846954,-1068.496216,  0.707,0.707,0
152.051559,439.378326,-1068.496216,  0,1,0
153.182922,439.846954,-1068.496216,  -0.707,0.707,0
153.65155,440.978333,-1068.496216,  -1,0,0
153.182922,442.109711,-1068.496216,  -0.707,-0.707,0
152.051559,442.578339,-1068.496216,  0,-1,0
150.920181,442.109711,-1068.496216,  0.707,-0.707,0
150.451553,440.978333,-1068.496216,  1,0,0
18
9 17 0
0 17 8
17 16 8
8 16 7
16 15 7
7 15 6
15 14 6
6 14 5
14 13 5
5 13 4
13 12 4
4 12 3
12 11 3
3 11 2
11 10 2
2 10 1
10 9 1
1 9 0
18
0 1
9 10
1 2
10 11
2 3
11 12
3 4
12 13
4 5
13 14
5 6
14 15
6 7
15 16
7 8
16 17
8 0
17 9
EOF
----------------
Entity: E3Cylinder #989
TMESH
1
18
150.451553,673.978333,-1067.496216,  1,0,0
150.920181,672.846985,-1067.496216,  0.707,0.707,0
152.051559,672.378357,-1067.496216,  0,1,0
153.182922,672.846985,-1067.496216,  -0.707,0.707,0
153.65155,673.978333,-1067.496216,  -1,0,0
153.182922,675.10968,-1067.496216,  -0.707,-0.707,0
152.051559,675.578308,-1067.496216,  0,-1,0
150.920181,675.10968,-1067.496216,  0.707,-0.707,0
150.451553,673.978333,-1067.496216,  1,0,0
150.451553,673.978333,-1068.496216,  1,0,0
150.920181,672.846985,-1068.496216,  0.707,0.707,0
152.051559,672.378357,-1068.496216,  0,1,0
153.182922,672.846985,-1068.496216,  -0.707,0.707,0
153.65155,673.978333,-1068.496216,  -1,0,0
153.182922,675.10968,-1068.496216,  -0.707,-0.707,0
152.051559,675.578308,-1068.496216,  0,-1,0
150.920181,675.10968,-1068.496216,  0.707,-0.707,0
150.451553,673.978333,-1068.496216,  1,0,0
18
9 17 0
0 17 8
17 16 8
8 16 7
16 15 7
7 15 6
15 14 6
6 14 5
14 13 5
5 13 4
13 12 4
4 12 3
12 11 3
3 11 2
11 10 2
2 10 1
10 9 1
1 9 0
18
0 1
9 10
1 2
10 11
2 3
11 12
3 4
12 13
4 5
13 14
5 6
14 15
6 7
15 16
7 8
16 17
8 0
17 9
EOF
----------------
Entity: E3Plane #1029
TMESH
1
10
179.801559,410.978333,-980.996216,  0,-1,0
179.801559,410.978333,-979.996216,  0,-1,0
163.801559,410.978333,-979.996216,  0,-1,0
162.387344,410.978333,-980.582031,  0,-1,0
161.801559,410.978333,-981.996216,  0,-1,0
161.801559,410.978333,-982.996216,  0,-1,0
162.801559,410.978333,-982.996216,  0,-1,0
162.801559,410.978333,-981.996216,  0,-1,0
163.094452,410.978333,-981.289124,  0,-1,0
163.801559,410.978333,-980.996216,  0,-1,0
8
3 4 5
7 3 5
6 7 5
8 3 7
2 3 8
9 2 8
1 2 9
0 1 9
10
9 0
0 1
1 2
2 3
3 4
4 5
5 6
6 7
7 8
8 9
EOF
----------------
Entity: E3Cylinder #1047
TMESH
1
8
179.801559,410.978333,-979.996216,  -0,-1,-0
179.801559,410.978333,-979.996216,  -0,-1,-0
181.215775,411.564117,-979.996216,  0.707,-0.707,-0
181.801559,412.978333,-979.996216,  1,-0,-0
179.801559,410.978333,-980.996216,  -0,-1,-0
181.215775,411.564117,-980.996216,  0.707,-0.707,-0
181.801559,412.978333,-980.996216,  1,-0,-0
181.801559,412.978333,-980.996216,  1,-0,-0
6
0 4 1
1 4 5
1 5 2
2 5 6
2 6 3
3 6 7
8
0 4
3 7
0 1
5 4
1 2
6 5
2 3
7 6
EOF
----------------
Entity: E3Plane #1080
TMESH
1
10
179.801559,407.978333,-982.996216,  0,-0,1
179.801559,408.978333,-982.996216,  0,-0,1
163.801559,408.978333,-982.996216,  0,-0,1
163.094452,409.27124,-982.996216,  0,-0,1
162.801559,409.978333,-982.996216,  0,-0,1
162.801559,410.978333,-982.996216,  0,-0,1
161.801559,410.978333,-982.996216,  0,-0,1
161.801559,409.978333,-982.996216,  0,-0,1
162.387344,408.564117,-982.996216,  0,-0,1
163.801559,407.978333,-982.996216,  0,-0,1
8
2 0 1
8 0 2
9 0 8
4 5 6
7 4 6
3 4 7
8 2 3
8 3 7
10
9 0
0 1
1 2
2 3
3 4
4 5
5 6
6 7
7 8
8 9
EOF
----------------
Entity: E3Cylinder #1105
TMESH
1
8
179.801559,408.978333,-982.996216,  -0,-0,1
179.801559,408.978333,-982.996216,  -0,-0,1
181.215775,408.978333,-983.582031,  0.707,-0,0.707
181.801559,408.978333,-984.996216,  1,-0,-0
179.801559,407.978333,-982.996216,  -0,-0,1
181.215775,407.978333,-983.582031,  0.707,-0,0.707
181.801559,407.978333,-984.996216,  1,-0,-0
181.801559,407.978333,-984.996216,  1,-0,-0
6
0 4 1
1 4 5
1 5 2
2 5 6
2 6 3
3 6 7
8
0 4
3 7
0 1
5 4
1 2
6 5
2 3
7 6
EOF
----------------
Entity: E3Plane #1132
TMESH
1
8
181.801559,408.978333,-1063.496216,  -0,1,0
181.215775,408.978333,-1064.9104,  -0,1,0
179.801559,408.978333,-1065.496216,  -0,1,0
163.801559,408.978333,-1065.496216,  -0,1,0
163.801559,408.978333,-982.996216,  -0,1,0
179.801559,408.978333,-982.996216,  -0,1,0
181.215775,408.978333,-983.582031,  -0,1,0
181.801559,408.978333,-984.996216,  -0,1,0
6
5 6 7
0 5 7
1 5 0
2 5 1
4 5 2
3 4 2
8
7 0
0 1
1 2
2 3
3 4
4 5
5 6
6 7
EOF
----------------
Entity: E3Plane #1149
TMESH
1
4
181.801559,407.978333,-1063.496216,  1,0,0
181.801559,408.978333,-1063.496216,  1,0,0
181.801559,408.978333,-984.996216,  1,0,0
181.801559,407.978333,-984.996216,  1,0,0
2
0 2 3
1 2 0
4
3 0
0 1
1 2
2 3
EOF
----------------
Entity: E3Cylinder #1161
TMESH
1
8
179.801559,407.978333,-1065.496216,  -0,-0,-1
179.801559,407.978333,-1065.496216,  -0,-0,-1
181.215775,407.978333,-1064.9104,  0.707,-0,-0.707
181.801559,407.978333,-1063.496216,  1,-0,-0
179.801559,408.978333,-1065.496216,  -0,-0,-1
181.215775,408.978333,-1064.9104,  0.707,-0,-0.707
181.801559,408.978333,-1063.496216,  1,-0,-0
181.801559,408.978333,-1063.496216,  1,-0,-0
6
0 4 1
1 4 5
1 5 2
2 5 6
2 6 3
3 6 7
8
0 4
3 7
0 1
5 4
1 2
6 5
2 3
7 6
EOF
----------------
Entity: E3Plane #1194
TMESH
1
10
145.301559,410.978333,-1067.496216,  0,-1,0
145.301559,410.978333,-1068.496216,  0,-1,0
160.801559,410.978333,-1068.496216,  0,-1,0
162.215775,410.978333,-1067.9104,  0,-1,0
162.801559,410.978333,-1066.496216,  0,-1,0
162.801559,410.978333,-1065.496216,  0,-1,0
161.801559,410.978333,-1065.496216,  0,-1,0
161.801559,410.978333,-1066.496216,  0,-1,0
161.508667,410.978333,-1067.203369,  0,-1,0
160.801559,410.978333,-1067.496216,  0,-1,0
8
9 0 1
2 9 1
8 9 2
3 7 8
3 8 2
3 6 7
5 6 3
4 5 3
10
9 0
0 1
1 2
2 3
3 4
4 5
5 6
6 7
7 8
8 9
EOF
----------------
Entity: E3Cylinder #1219
TMESH
1
8
143.301559,412.978333,-1067.496216,  -1,-0,-0
143.301559,412.978333,-1067.496216,  -1,-0,-0
143.887344,411.564117,-1067.496216,  -0.707,-0.707,-0
145.301559,410.978333,-1067.496216,  -0,-1,-0
143.301559,412.978333,-1068.496216,  -1,-0,-0
143.887344,411.564117,-1068.496216,  -0.707,-0.707,-0
145.301559,410.978333,-1068.496216,  -0,-1,-0
145.301559,410.978333,-1068.496216,  -0,-1,-0
6
0 4 1
1 4 5
1 5 2
2 5 6
2 6 3
3 6 7
8
0 4
3 7
0 1
5 4
1 2
6 5
2 3
7 6
EOF
----------------
Entity: E3Plane #1252
TMESH
1
24
143.301559,689.994019,-1068.496216,  0,0,-1
143.887344,691.408203,-1068.496216,  0,0,-1
145.301559,691.994019,-1068.496216,  0,0,-1
160.801559,691.994019,-1068.496216,  0,0,-1
160.801559,410.978333,-1068.496216,  0,0,-1
145.301559,410.978333,-1068.496216,  0,0,-1
143.887344,411.564117,-1068.496216,  0,0,-1
143.301559,412.978333,-1068.496216,  0,0,-1
150.451553,673.978333,-1068.496216,  0,0,-1
150.920181,672.846985,-1068.496216,  0,0,-1
152.051559,672.378357,-1068.496216,  0,0,-1
153.182922,672.846985,-1068.496216,  0,0,-1
153.65155,673.978333,-1068.496216,  0,0,-1
153.182922,675.10968,-1068.496216,  0,0,-1
152.051559,675.578308,-1068.496216,  0,0,-1
150.920181,675.10968,-1068.496216,  0,0,-1
150.451553,440.978333,-1068.496216,  0,0,-1
150.920181,439.846954,-1068.496216,  0,0,-1
152.051559,439.378326,-1068.496216,  0,0,-1
153.182922,439.846954,-1068.496216,  0,0,-1
153.65155,440.978333,-1068.496216,  0,0,-1
153.182922,442.109711,-1068.496216,  0,0,-1
152.051559,442.578339,-1068.496216,  0,0,-1
150.920181,442.109711,-1068.496216,  0,0,-1
26
0 1 2
3 0 2
14 0 3
15 0 14
8 0 15
9 0 8
22 9 10
22 0 9
23 0 22
16 0 23
7 17 18
7 16 17
7 0 16
13 14 3
12 13 3
22 10 11
22 11 12
22 12 3
21 22 3
20 21 3
7 18 19
7 19 20
6 7 20
5 6 20
4 5 20
4 20 3
24
7 0
0 1
1 2
2 3
3 4
4 5
5 6
6 7
15 8
8 9
9 10
10 11
11 12
12 13
13 14
14 15
23 16
16 17
17 18
18 19
19 20
20 21
21 22
22 23
EOF
----------------
Entity: E3Plane #1269
TMESH
1
4
143.301559,689.994019,-1067.496216,  -1,0,-0
143.301559,689.994019,-1068.496216,  -1,0,-0
143.301559,412.978333,-1068.496216,  -1,0,-0
143.301559,412.978333,-1067.496216,  -1,0,-0
2
3 0 1
2 3 1
4
3 0
0 1
1 2
2 3
EOF
----------------
Entity: E3Cylinder #1281
TMESH
1
8
145.301559,691.994019,-1067.496216,  -0,1,-0
145.301559,691.994019,-1067.496216,  -0,1,-0
143.887344,691.408203,-1067.496216,  -0.707,0.707,-0
143.301559,689.994019,-1067.496216,  -1,-0,-0
145.301559,691.994019,-1068.496216,  -0,1,-0
143.887344,691.408203,-1068.496216,  -0.707,0.707,-0
143.301559,689.994019,-1068.496216,  -1,-0,-0
143.301559,689.994019,-1068.496216,  -1,-0,-0
6
0 4 1
1 4 5
1 5 2
2 5 6
2 6 3
3 6 7
8
0 4
3 7
0 1
5 4
1 2
6 5
2 3
7 6
EOF
----------------
Entity: E3Plane #1308
TMESH
1
8
179.801559,681.853577,-980.996216,  0,0,-1
181.215775,681.267822,-980.996216,  0,0,-1
181.801559,679.853577,-980.996216,  0,0,-1
181.801559,412.978333,-980.996216,  0,0,-1
181.215775,411.564117,-980.996216,  0,0,-1
179.801559,410.978333,-980.996216,  0,0,-1
163.801559,410.978333,-980.996216,  0,0,-1
163.801559,681.853577,-980.996216,  0,0,-1
6
3 4 5
6 3 5
2 3 6
1 2 6
0 1 6
7 0 6
8
7 0
0 1
1 2
2 3
3 4
4 5
5 6
6 7
EOF
----------------
Entity: E3Plane #1334
TMESH
1
10
179.801559,681.853577,-979.996216,  -0,1,0
179.801559,681.853577,-980.996216,  -0,1,0
163.801559,681.853577,-980.996216,  -0,1,0
163.094452,681.853577,-981.289124,  -0,1,0
162.801559,681.853577,-981.996216,  -0,1,0
162.801559,681.853577,-982.496216,  -0,1,0
161.801559,681.853577,-982.496216,  -0,1,0
161.801559,681.853577,-981.996216,  -0,1,0
162.387344,681.853577,-980.582031,  -0,1,0
163.801559,681.853577,-979.996216,  -0,1,0
8
9 0 1
2 9 1
3 9 2
8 4 5
8 3 4
8 9 3
7 8 5
6 7 5
10
9 0
0 1
1 2
2 3
3 4
4 5
5 6
6 7
7 8
8 9
EOF
----------------
Entity: E3Cylinder #1346
TMESH
1
8
181.801559,679.853577,-979.996216,  1,-0,-0
181.801559,679.853577,-979.996216,  1,-0,-0
181.215775,681.267822,-979.996216,  0.707,0.707,-0
179.801559,681.853577,-979.996216,  -0,1,-0
181.801559,679.853577,-980.996216,  1,-0,-0
181.215775,681.267822,-980.996216,  0.707,0.707,-0
179.801559,681.853577,-980.996216,  -0,1,-0
179.801559,681.853577,-980.996216,  -0,1,-0
6
0 4 1
1 4 5
1 5 2
2 5 6
2 6 3
3 6 7
8
0 4
3 7
0 1
5 4
1 2
6 5
2 3
7 6
EOF
----------------
Entity: E3Plane #1403
TMESH
1
16
161.801559,684.853577,-917.996216,  -1,0,0
161.801559,685.439392,-916.582031,  -1,0,0
161.801559,686.853577,-915.996216,  -1,0,0
161.801559,692.827454,-915.996216,  -1,0,0
161.801559,692.827454,-1065.496216,  -1,0,0
161.801559,691.994019,-1065.496216,  -1,0,0
161.801559,691.994019,-1066.496216,  -1,0,0
161.801559,410.978333,-1066.496216,  -1,0,0
161.801559,410.978333,-1065.496216,  -1,0,0
161.801559,409.978333,-1065.496216,  -1,0,0
161.801559,409.978333,-982.996216,  -1,0,0
161.801559,410.978333,-982.996216,  -1,0,0
161.801559,410.978333,-981.996216,  -1,0,0
161.801559,681.853577,-981.996216,  -1,0,0
161.801559,681.853577,-982.496216,  -1,0,0
161.801559,684.853577,-982.496216,  -1,0,0
14
10 8 9
11 8 10
11 7 8
12 7 11
6 7 12
5 6 12
4 5 12
14 4 12
13 14 12
15 4 14
0 4 15
1 4 0
2 4 1
3 4 2
16
15 0
0 1
1 2
2 3
3 4
4 5
5 6
6 7
7 8
8 9
9 10
10 11
11 12
12 13
13 14
14 15
EOF
----------------
Entity: E3Plane #1420
TMESH
1
4
162.801559,684.853577,-917.996216,  0,-1,0
161.801559,684.853577,-917.996216,  0,-1,0
161.801559,684.853577,-982.496216,  0,-1,0
162.801559,684.853577,-982.496216,  0,-1,0
2
0 2 3
1 2 0
4
3 0
0 1
1 2
2 3
EOF
----------------
Entity: E3Cylinder #1437
TMESH
1
8
161.801559,684.853577,-917.996216,  -0,-1,-0
161.801559,684.853577,-917.996216,  -0,-1,-0
161.801559,685.439392,-916.582031,  -0,-0.707,0.707
161.801559,686.853577,-915.996216,  -0,-0,1
162.801559,684.853577,-917.996216,  -0,-1,-0
162.801559,685.439392,-916.582031,  -0,-0.707,0.707
162.801559,686.853577,-915.996216,  -0,-0,1
162.801559,686.853577,-915.996216,  -0,-0,1
6
0 4 1
1 4 5
1 5 2
2 5 6
2 6 3
3 6 7
8
0 4
3 7
0 1
5 4
1 2
6 5
2 3
7 6
EOF
----------------
Entity: E3Plane #1485
TMESH
1
5
519.741577,684.827454,-913.996216,  0,0,-1
178.862045,684.827454,-913.996216,  0,0,-1
164.7146,684.827454,-913.996216,  0,0,-1
164.7146,692.827454,-913.996216,  0,0,-1
519.741577,692.827454,-913.996216,  0,0,-1
3
1 2 3
4 1 3
0 1 4
5
4 0
0 1
1 2
2 3
3 4
EOF
----------------
Entity: E3Plane #1525
TMESH
1
4
361.553741,693.827454,-1049.305908,  0.707,0,0.707
364.263367,693.827454,-1052.015503,  0.707,0,0.707
364.263367,694.827454,-1052.015503,  0.707,0,0.707
361.553741,694.827454,-1049.305908,  0.707,0,0.707
2
1 2 3
0 1 3
4
3 0
0 1
1 2
2 3
EOF
----------------
Entity: E3Plane #1565
TMESH
1
4
289.668396,693.827454,-1016.071899,  0.707,0,-0.707
286.958771,693.827454,-1018.781494,  0.707,0,-0.707
286.958771,694.827454,-1018.781494,  0.707,0,-0.707
289.668396,694.827454,-1016.071899,  0.707,0,-0.707
2
1 2 3
0 1 3
4
3 0
0 1
1 2
2 3
EOF
----------------
Entity: E3Plane #1605
TMESH
1
4
322.902435,693.827454,-944.186584,  -0.707,-0,-0.707
320.19278,693.827454,-941.476929,  -0.707,-0,-0.707
320.19278,694.827454,-941.476929,  -0.707,-0,-0.707
322.902435,694.827454,-944.186584,  -0.707,-0,-0.707
2
1 2 3
0 1 3
4
3 0
0 1
1 2
2 3
EOF
----------------
Entity: E3Plane #1645
TMESH
1
4
394.78775,693.827454,-977.420593,  -0.707,-0,0.707
397.497375,693.827454,-974.710938,  -0.707,-0,0.707
397.497375,694.827454,-974.710938,  -0.707,-0,0.707
394.78775,694.827454,-977.420593,  -0.707,-0,0.707
2
1 2 3
0 1 3
4
3 0
0 1
1 2
2 3
EOF
----------------
Entity: E3Plane #1685
TMESH
1
4
377.043701,693.827454,-1044.996826,  -0.707,-0,-0.707
374.534607,693.827454,-1042.487793,  -0.707,-0,-0.707
374.534607,694.827454,-1042.487793,  -0.707,-0,-0.707
377.043701,694.827454,-1044.996826,  -0.707,-0,-0.707
2
1 2 3
0 1 3
4
3 0
0 1
1 2
2 3
EOF
----------------
Entity: E3Cylinder #1709
TMESH
1
8
377.043701,693.827454,-1044.996826,  -0.585,-0,0.811
377.043701,693.827454,-1044.996826,  -0.585,-0,0.811
370.869324,693.827454,-1048.89917,  -0.4814,-0,0.8765
364.263367,693.827454,-1052.015503,  -0.3704,-0,0.9287
377.043701,694.827454,-1044.996826,  -0.585,-0,0.811
370.869324,694.827454,-1048.89917,  -0.4814,-0,0.8765
364.263367,694.827454,-1052.015503,  -0.3704,-0,0.9287
364.263367,694.827454,-1052.015503,  -0.3704,-0,0.9287
6
0 4 1
1 4 5
1 5 2
2 5 6
2 6 3
3 6 7
8
0 4
3 7
0 1
5 4
1 2
6 5
2 3
7 6
EOF
----------------
Entity: E3Plane #1749
TMESH
1
4
293.977448,693.827454,-1031.56189,  -0.707,-0,0.707
296.486542,693.827454,-1029.052734,  -0.707,-0,0.707
296.486542,694.827454,-1029.052734,  -0.707,-0,0.707
293.977448,694.827454,-1031.56189,  -0.707,-0,0.707
2
1 2 3
0 1 3
4
3 0
0 1
1 2
2 3
EOF
----------------
Entity: E3Cylinder #1773
TMESH
1
8
293.977448,693.827454,-1031.56189,  0.811,0,0.585
293.977448,693.827454,-1031.56189,  0.811,0,0.585
290.075134,693.827454,-1025.387451,  0.8765,0,0.4814
286.958771,693.827454,-1018.781494,  0.9287,0,0.3704
293.977448,694.827454,-1031.56189,  0.811,0,0.585
290.075134,694.827454,-1025.387451,  0.8765,0,0.4814
286.958771,694.827454,-1018.781494,  0.9287,0,0.3704
286.958771,694.827454,-1018.781494,  0.9287,0,0.3704
6
0 4 1
1 4 5
1 5 2
2 5 6
2 6 3
3 6 7
8
0 4
3 7
0 1
5 4
1 2
6 5
2 3
7 6
EOF
----------------
Entity: E3Plane #1813
TMESH
1
4
307.412476,693.827454,-948.495605,  0.707,0,0.707
309.92157,693.827454,-951.0047,  0.707,0,0.707
309.92157,694.827454,-951.0047,  0.707,0,0.707
307.412476,694.827454,-948.495605,  0.707,0,0.707
2
1 2 3
0 1 3
4
3 0
0 1
1 2
2 3
EOF
----------------
Entity: E3Cylinder #1837
TMESH
1
8
307.412476,693.827454,-948.495605,  0.585,0,-0.811
307.412476,693.827454,-948.495605,  0.585,0,-0.811
313.586823,693.827454,-944.593323,  0.4814,0,-0.8765
320.19278,693.827454,-941.476929,  0.3704,0,-0.9287
307.412476,694.827454,-948.495605,  0.585,0,-0.811
313.586823,694.827454,-944.593323,  0.4814,0,-0.8765
320.19278,694.827454,-941.476929,  0.3704,0,-0.9287
320.19278,694.827454,-941.476929,  0.3704,0,-0.9287
6
0 4 1
1 4 5
1 5 2
2 5 6
2 6 3
3 6 7
8
0 4
3 7
0 1
5 4
1 2
6 5
2 3
7 6
EOF
----------------
Entity: E3Plane #1877
TMESH
1
4
390.478729,693.827454,-961.930603,  0.707,0,-0.707
387.969635,693.827454,-964.439697,  0.707,0,-0.707
387.969635,694.827454,-964.439697,  0.707,0,-0.707
390.478729,694.827454,-961.930603,  0.707,0,-0.707
2
1 2 3
0 1 3
4
3 0
0 1
1 2
2 3
EOF
----------------
Entity: E3Cylinder #1901
TMESH
1
8
390.478729,693.827454,-961.930603,  -0.811,-0,-0.585
390.478729,693.827454,-961.930603,  -0.811,-0,-0.585
394.381012,693.827454,-968.10498,  -0.8765,-0,-0.4814
397.497375,693.827454,-974.710938,  -0.9287,-0,-0.3704
390.478729,694.827454,-961.930603,  -0.811,-0,-0.585
394.381012,694.827454,-968.10498,  -0.8765,-0,-0.4814
397.497375,694.827454,-974.710938,  -0.9287,-0,-0.3704
397.497375,694.827454,-974.710938,  -0.9287,-0,-0.3704
6
0 4 1
1 4 5
1 5 2
2 5 6
2 6 3
3 6 7
8
0 4
3 7
0 1
5 4
1 2
6 5
2 3
7 6
EOF
----------------
Entity: E3Plane #2132
TMESH
1
127
163.801559,694.827454,-1066.496216,  0,1,0
163.801559,694.827454,-1065.496216,  0,1,0
163.801559,694.827454,-915.996216,  0,1,0
164.7146,694.827454,-915.996216,  0,1,0
164.7146,694.827454,-914.996216,  0,1,0
519.741577,694.827454,-914.996216,  0,1,0
519.741577,694.827454,-916.496216,  0,1,0
520.741577,694.827454,-916.496216,  0,1,0
522.155762,694.827454,-917.082031,  0,1,0
522.741577,694.827454,-918.496216,  0,1,0
522.741577,694.827454,-975.126221,  0,1,0
522.155762,694.827454,-976.540466,  0,1,0
520.741577,694.827454,-977.126221,  0,1,0
501.740387,694.827454,-977.126221,  0,1,0
501.740387,694.827454,-983.126221,  0,1,0
520.741577,694.827454,-983.126221,  0,1,0
522.155762,694.827454,-983.712036,  0,1,0
522.741577,694.827454,-985.126221,  0,1,0
522.741577,694.827454,-1066.496216,  0,1,0
361.553741,694.827454,-1049.305908,  0,1,0
364.263367,694.827454,-1052.015503,  0,1,0
370.869324,694.827454,-1048.89917,  0,1,0
377.043701,694.827454,-1044.996826,  0,1,0
374.534607,694.827454,-1042.487793,  0,1,0
381.550262,694.827454,-1036.618042,  0,1,0
387.516754,694.827454,-1029.68457,  0,1,0
392.274902,694.827454,-1021.872192,  0,1,0
395.697723,694.827454,-1013.389465,  0,1,0
397.693909,694.827454,-1004.462646,  0,1,0
398.210175,694.827454,-995.329956,  0,1,0
397.232758,694.827454,-986.235046,  0,1,0
394.78775,694.827454,-977.420593,  0,1,0
397.497375,694.827454,-974.710938,  0,1,0
394.381012,694.827454,-968.10498,  0,1,0
390.478729,694.827454,-961.930603,  0,1,0
387.969635,694.827454,-964.439697,  0,1,0
382.099945,694.827454,-957.424011,  0,1,0
375.166443,694.827454,-951.45752,  0,1,0
367.354065,694.827454,-946.699402,  0,1,0
358.871307,694.827454,-943.276611,  0,1,0
349.944489,694.827454,-941.280396,  0,1,0
340.811798,694.827454,-940.76416,  0,1,0
331.716888,694.827454,-941.741577,  0,1,0
322.902435,694.827454,-944.186584,  0,1,0
320.19278,694.827454,-941.476929,  0,1,0
313.586823,694.827454,-944.593323,  0,1,0
307.412476,694.827454,-948.495605,  0,1,0
309.92157,694.827454,-951.0047,  0,1,0
302.905884,694.827454,-956.87439,  0,1,0
296.939392,694.827454,-963.807861,  0,1,0
292.181244,694.827454,-971.620239,  0,1,0
288.758453,694.827454,-980.102966,  0,1,0
286.762268,694.827454,-989.029785,  0,1,0
286.246002,694.827454,-998.162537,  0,1,0
287.223389,694.827454,-1007.257446,  0,1,0
289.668396,694.827454,-1016.071899,  0,1,0
286.958771,694.827454,-1018.781494,  0,1,0
290.075134,694.827454,-1025.387451,  0,1,0
293.977448,694.827454,-1031.56189,  0,1,0
296.486542,694.827454,-1029.052734,  0,1,0
302.356201,694.827454,-1036.068359,  0,1,0
309.289734,694.827454,-1042.034912,  0,1,0
317.102081,694.827454,-1046.793091,  0,1,0
325.584839,694.827454,-1050.21582,  0,1,0
334.511658,694.827454,-1052.212036,  0,1,0
343.644348,694.827454,-1052.728271,  0,1,0
352.739288,694.827454,-1051.750854,  0,1,0
295.628082,694.827454,-951.746216,  0,1,0
296.09671,694.827454,-952.877625,  0,1,0
297.228088,694.827454,-953.346252,  0,1,0
298.359467,694.827454,-952.877625,  0,1,0
298.828094,694.827454,-951.746216,  0,1,0
298.359467,694.827454,-950.614868,  0,1,0
297.228088,694.827454,-950.14624,  0,1,0
296.09671,694.827454,-950.614868,  0,1,0
385.628082,694.827454,-951.746216,  0,1,0
386.09671,694.827454,-952.877625,  0,1,0
387.228088,694.827454,-953.346252,  0,1,0
388.359467,694.827454,-952.877625,  0,1,0
388.828094,694.827454,-951.746216,  0,1,0
388.359467,694.827454,-950.614868,  0,1,0
387.228088,694.827454,-950.14624,  0,1,0
386.09671,694.827454,-950.614868,  0,1,0
385.628082,694.827454,-1041.746216,  0,1,0
386.09671,694.827454,-1042.877563,  0,1,0
387.228088,694.827454,-1043.346191,  0,1,0
388.359467,694.827454,-1042.877563,  0,1,0
388.828094,694.827454,-1041.746216,  0,1,0
388.359467,694.827454,-1040.614868,  0,1,0
387.228088,694.827454,-1040.14624,  0,1,0
386.09671,694.827454,-1040.614868,  0,1,0
295.628082,694.827454,-1041.746216,  0,1,0
296.09671,694.827454,-1042.877563,  0,1,0
297.228088,694.827454,-1043.346191,  0,1,0
298.359467,694.827454,-1042.877563,  0,1,0
298.828094,694.827454,-1041.746216,  0,1,0
298.359467,694.827454,-1040.614868,  0,1,0
297.228088,694.827454,-1040.14624,  0,1,0
296.09671,694.827454,-1040.614868,  0,1,0
244.121552,694.827454,-986.916199,  0,1,0
244.715744,694.827454,-989.519531,  0,1,0
246.380615,694.827454,-991.607239,  0,1,0
248.786423,694.827454,-992.765808,  0,1,0
251.45668,694.827454,-992.765808,  0,1,0
253.862488,694.827454,-991.607239,  0,1,0
255.527374,694.827454,-989.519531,  0,1,0
256.121552,694.827454,-986.916199,  0,1,0
255.527374,694.827454,-984.312927,  0,1,0
253.862488,694.827454,-982.22522,  0,1,0
251.45668,694.827454,-981.06665,  0,1,0
248.786423,694.827454,-981.06665,  0,1,0
246.380615,694.827454,-982.22522,  0,1,0
244.715744,694.827454,-984.312927,  0,1,0
200.371552,694.827454,-986.916199,  0,1,0
200.965744,694.827454,-989.519531,  0,1,0
202.630615,694.827454,-991.607239,  0,1,0
205.036423,694.827454,-992.765808,  0,1,0
207.70668,694.827454,-992.765808,  0,1,0
210.112488,694.827454,-991.607239,  0,1,0
211.777374,694.827454,-989.519531,  0,1,0
212.371552,694.827454,-986.916199,  0,1,0
211.777374,694.827454,-984.312927,  0,1,0
210.112488,694.827454,-982.22522,  0,1,0
207.70668,694.827454,-981.06665,  0,1,0
205.036423,694.827454,-981.06665,  0,1,0
202.630615,694.827454,-982.22522,  0,1,0
200.965744,694.827454,-984.312927,  0,1,0
139
24 22 23
2 0 1
3 0 2
113 3 4
113 0 3
114 0 113
115 0 114
116 0 115
117 0 116
118 0 117
119 0 118
99 119 120
99 0 119
100 0 99
101 0 100
102 0 101
103 0 102
104 0 103
56 105 106
56 104 105
56 0 104
57 0 56
91 0 57
92 0 91
93 0 92
60 94 95
61 94 60
61 93 94
61 0 93
62 0 61
63 0 62
64 0 63
65 0 64
20 66 19
20 65 66
20 0 65
83 22 24
83 21 22
84 21 83
84 20 21
85 20 84
26 87 25
27 87 26
32 29 30
14 29 32
14 28 29
14 27 28
14 87 27
14 86 87
18 86 14
18 85 86
18 20 85
18 0 20
15 18 14
16 18 15
17 18 16
32 30 31
55 56 54
90 83 24
89 90 24
88 89 24
25 87 88
25 88 24
58 91 57
98 91 58
97 98 58
96 97 58
59 96 58
95 96 59
60 95 59
126 113 4
125 126 4
124 125 4
123 124 4
122 123 4
121 122 4
99 120 121
99 121 4
112 99 4
111 112 4
110 111 4
109 110 4
108 109 4
56 106 107
56 107 108
54 56 108
54 108 4
53 54 4
52 53 4
51 52 4
50 51 4
49 50 4
67 49 4
74 67 4
73 74 4
48 71 72
46 48 72
46 72 73
46 73 4
45 46 4
44 45 4
42 43 44
42 44 4
41 42 4
40 41 4
75 36 37
75 37 38
75 38 39
82 75 39
81 82 39
32 33 79
14 32 79
14 79 80
14 80 81
13 14 81
13 81 39
12 13 39
12 39 40
11 12 40
10 11 40
6 10 40
6 40 4
5 6 4
7 10 6
8 10 7
9 10 8
47 48 46
68 49 67
69 49 68
70 49 69
71 49 70
48 49 71
35 36 75
76 35 75
77 35 76
78 35 77
34 35 78
79 34 78
33 34 79
127
18 0
0 1
1 2
2 3
3 4
4 5
5 6
6 7
7 8
8 9
9 10
10 11
11 12
12 13
13 14
14 15
15 16
16 17
17 18
66 19
19 20
20 21
21 22
22 23
23 24
24 25
25 26
26 27
27 28
28 29
29 30
30 31
31 32
32 33
33 34
34 35
35 36
36 37
37 38
38 39
39 40
40 41
41 42
42 43
43 44
44 45
45 46
46 47
47 48
48 49
49 50
50 51
51 52
52 53
53 54
54 55
55 56
56 57
57 58
58 59
59 60
60 61
61 62
62 63
63 64
64 65
65 66
74 67
67 68
68 69
69 70
70 71
71 72
72 73
73 74
82 75
75 76
76 77
77 78
78 79
79 80
80 81
81 82
90 83
83 84
84 85
85 86
86 87
87 88
88 89
89 90
98 91
91 92
92 93
93 94
94 95
95 96
96 97
97 98
112 99
99 100
100 101
101 102
102 103
103 104
104 105
105 106
106 107
107 108
108 109
109 110
110 111
111 112
126 113
113 114
114 115
115 116
116 117
117 118
118 119
119 120
120 121
121 122
122 123
123 124
124 125
125 126
EOF
----------------
Entity: E3Cylinder #2150
TMESH
1
20
387.969635,694.827454,-964.439697,  -0.817,0,-0.5767
387.969635,694.827454,-964.439697,  -0.817,0,-0.5767
382.099945,694.827454,-957.424011,  -0.712,0,-0.702
375.166443,694.827454,-951.45752,  -0.5884,0,-0.8086
367.354065,694.827454,-946.699402,  -0.4487,0,-0.8936
358.871307,694.827454,-943.276611,  -0.297,0,-0.9546
349.944489,694.827454,-941.280396,  -0.1378,0,-0.99
340.811798,694.827454,-940.76416,  0.02528,-0,-0.9995
331.716888,694.827454,-941.741577,  0.1877,-0,-0.9824
322.902435,694.827454,-944.186584,  0.3452,-0,-0.9385
387.969635,693.827454,-964.439697,  -0.817,0,-0.5767
382.099945,693.827454,-957.424011,  -0.712,0,-0.702
375.166443,693.827454,-951.45752,  -0.5884,0,-0.8086
367.354065,693.827454,-946.699402,  -0.4487,0,-0.8936
358.871307,693.827454,-943.276611,  -0.297,0,-0.9546
349.944489,693.827454,-941.280396,  -0.1378,0,-0.99
340.811798,693.827454,-940.76416,  0.02528,-0,-0.9995
331.716888,693.827454,-941.741577,  0.1877,-0,-0.9824
322.902435,693.827454,-944.186584,  0.3452,-0,-0.9385
322.902435,693.827454,-944.186584,  0.3452,-0,-0.9385
18
0 10 1
1 10 11
1 11 2
2 11 12
2 12 3
3 12 13
3 13 4
4 13 14
4 14 5
5 14 15
5 15 6
6 15 16
6 16 7
7 16 17
7 17 8
8 17 18
8 18 9
9 18 19
20
0 10
9 19
0 1
11 10
1 2
12 11
2 3
13 12
3 4
14 13
4 5
15 14
5 6
16 15
6 7
17 16
7 8
18 17
8 9
19 18
EOF
----------------
Entity: E3Cylinder #2168
TMESH
1
20
309.92157,694.827454,-951.0047,  0.5767,-0,-0.817
309.92157,694.827454,-951.0047,  0.5767,-0,-0.817
302.905884,694.827454,-956.87439,  0.702,-0,-0.712
296.939392,694.827454,-963.807861,  0.8086,-0,-0.5884
292.181244,694.827454,-971.620239,  0.8936,-0,-0.4487
288.758453,694.827454,-980.102966,  0.9546,-0,-0.297
286.762268,694.827454,-989.029785,  0.99,-0,-0.1378
286.246002,694.827454,-998.162537,  0.9995,-0,0.02528
287.223389,694.827454,-1007.257446,  0.9824,-0,0.1877
289.668396,694.827454,-1016.071899,  0.9385,-0,0.3452
309.92157,693.827454,-951.0047,  0.5767,-0,-0.817
302.905884,693.827454,-956.87439,  0.702,-0,-0.712
296.939392,693.827454,-963.807861,  0.8086,-0,-0.5884
292.181244,693.827454,-971.620239,  0.8936,-0,-0.4487
288.758453,693.827454,-980.102966,  0.9546,-0,-0.297
286.762268,693.827454,-989.029785,  0.99,-0,-0.1378
286.246002,693.827454,-998.162537,  0.9995,-0,0.02528
287.223389,693.827454,-1007.257446,  0.9824,-0,0.1877
289.668396,693.827454,-1016.071899,  0.9385,-0,0.3452
289.668396,693.827454,-1016.071899,  0.9385,-0,0.3452
18
0 10 1
1 10 11
1 11 2
2 11 12
2 12 3
3 12 13
3 13 4
4 13 14
4 14 5
5 14 15
5 15 6
6 15 16
6 16 7
7 16 17
7 17 8
8 17 18
8 18 9
9 18 19
20
0 10
9 19
0 1
11 10
1 2
12 11
2 3
13 12
3 4
14 13
4 5
15 14
5 6
16 15
6 7
17 16
7 8
18 17
8 9
19 18
EOF
----------------
Entity: E3Cylinder #2186
TMESH
1
20
394.78775,693.827454,-977.420593,  -0.9385,0,-0.3452
394.78775,693.827454,-977.420593,  -0.9385,0,-0.3452
397.232758,693.827454,-986.235046,  -0.9824,0,-0.1877
398.210175,693.827454,-995.329956,  -0.9995,0,-0.02528
397.693909,693.827454,-1004.462646,  -0.99,0,0.1378
395.697723,693.827454,-1013.389465,  -0.9546,0,0.297
392.274902,693.827454,-1021.872192,  -0.8936,0,0.4487
387.516754,693.827454,-1029.68457,  -0.8086,0,0.5884
381.550262,693.827454,-1036.618042,  -0.702,0,0.712
374.534607,693.827454,-1042.487793,  -0.5767,0,0.817
394.78775,694.827454,-977.420593,  -0.9385,0,-0.3452
397.232758,694.827454,-986.235046,  -0.9824,0,-0.1877
398.210175,694.827454,-995.329956,  -0.9995,0,-0.02528
397.693909,694.827454,-1004.462646,  -0.99,0,0.1378
395.697723,694.827454,-1013.389465,  -0.9546,0,0.297
392.274902,694.827454,-1021.872192,  -0.8936,0,0.4487
387.516754,694.827454,-1029.68457,  -0.8086,0,0.5884
381.550262,694.827454,-1036.618042,  -0.702,0,0.712
374.534607,694.827454,-1042.487793,  -0.5767,0,0.817
374.534607,694.827454,-1042.487793,  -0.5767,0,0.817
18
0 10 1
1 10 11
1 11 2
2 11 12
2 12 3
3 12 13
3 13 4
4 13 14
4 14 5
5 14 15
5 15 6
6 15 16
6 16 7
7 16 17
7 17 8
8 17 18
8 18 9
9 18 19
20
0 10
9 19
0 1
11 10
1 2
12 11
2 3
13 12
3 4
14 13
4 5
15 14
5 6
16 15
6 7
17 16
7 8
18 17
8 9
19 18
EOF
----------------
Entity: E3Cylinder #2204
TMESH
1
20
296.486542,694.827454,-1029.052734,  0.817,-0,0.5767
296.486542,694.827454,-1029.052734,  0.817,-0,0.5767
302.356201,694.827454,-1036.068359,  0.712,-0,0.702
309.289734,694.827454,-1042.034912,  0.5884,-0,0.8086
317.102081,694.827454,-1046.793091,  0.4487,-0,0.8936
325.584839,694.827454,-1050.21582,  0.297,-0,0.9546
334.511658,694.827454,-1052.212036,  0.1378,-0,0.99
343.644348,694.827454,-1052.728271,  -0.02528,0,0.9995
352.739288,694.827454,-1051.750854,  -0.1877,0,0.9824
361.553741,694.827454,-1049.305908,  -0.3452,0,0.9385
296.486542,693.827454,-1029.052734,  0.817,-0,0.5767
302.356201,693.827454,-1036.068359,  0.712,-0,0.702
309.289734,693.827454,-1042.034912,  0.5884,-0,0.8086
317.102081,693.827454,-1046.793091,  0.4487,-0,0.8936
325.584839,693.827454,-1050.21582,  0.297,-0,0.9546
334.511658,693.827454,-1052.212036,  0.1378,-0,0.99
343.644348,693.827454,-1052.728271,  -0.02528,0,0.9995
352.739288,693.827454,-1051.750854,  -0.1877,0,0.9824
361.553741,693.827454,-1049.305908,  -0.3452,0,0.9385
361.553741,693.827454,-1049.305908,  -0.3452,0,0.9385
18
0 10 1
1 10 11
1 11 2
2 11 12
2 12 3
3 12 13
3 13 4
4 13 14
4 14 5
5 14 15
5 15 6
6 15 16
6 16 7
7 16 17
7 17 8
8 17 18
8 18 9
9 18 19
20
0 10
9 19
0 1
11 10
1 2
12 11
2 3
13 12
3 4
14 13
4 5
15 14
5 6
16 15
6 7
17 16
7 8
18 17
8 9
19 18
EOF
----------------
Entity: E3Plane #2253
TMESH
1
10
163.801559,711.327454,-1067.496216,  -1,0,0
163.801559,711.327454,-1068.496216,  -1,0,0
163.801559,695.827454,-1068.496216,  -1,0,0
163.801559,694.413208,-1067.9104,  -1,0,0
163.801559,693.827454,-1066.496216,  -1,0,0
163.801559,693.827454,-1065.496216,  -1,0,0
163.801559,694.827454,-1065.496216,  -1,0,0
163.801559,694.827454,-1066.496216,  -1,0,0
163.801559,695.1203,-1067.203369,  -1,0,0
163.801559,695.827454,-1067.496216,  -1,0,0
8
3 4 5
7 3 5
6 7 5
8 3 7
2 3 8
9 2 8
1 2 9
0 1 9
10
9 0
0 1
1 2
2 3
3 4
4 5
5 6
6 7
7 8
8 9
EOF
----------------
Entity: E3Cylinder #2284
TMESH
1
8
162.801559,692.827454,-915.996216,  1,-0,0
162.801559,692.827454,-915.996216,  1,-0,0
163.094452,693.534546,-915.996216,  0.707,-0.707,0
163.801559,693.827454,-915.996216,  0,-1,0
162.801559,692.827454,-1065.496216,  1,-0,0
163.094452,693.534546,-1065.496216,  0.707,-0.707,0
163.801559,693.827454,-1065.496216,  0,-1,0
163.801559,693.827454,-1065.496216,  0,-1,0
6
0 4 1
1 4 5
1 5 2
2 5 6
2 6 3
3 6 7
8
0 4
3 7
0 1
5 4
1 2
6 5
2 3
7 6
EOF
----------------
Entity: E3Cylinder #2316
TMESH
1
8
520.741577,694.827454,-916.496216,  0,-0,1
520.741577,694.827454,-916.496216,  0,-0,1
522.155762,694.827454,-917.082031,  0.707,-0,0.707
522.741577,694.827454,-918.496216,  1,-0,-0
520.741577,693.827454,-916.496216,  0,-0,1
522.155762,693.827454,-917.082031,  0.707,-0,0.707
522.741577,693.827454,-918.496216,  1,-0,-0
522.741577,693.827454,-918.496216,  1,-0,-0
6
0 4 1
1 4 5
1 5 2
2 5 6
2 6 3
3 6 7
8
0 4
3 7
0 1
5 4
1 2
6 5
2 3
7 6
EOF
----------------
Entity: E3Plane #2340
TMESH
1
4
522.741577,694.827454,-918.496216,  1,-0,0
522.741577,693.827454,-918.496216,  1,-0,0
522.741577,693.827454,-975.126221,  1,-0,0
522.741577,694.827454,-975.126221,  1,-0,0
2
0 2 3
1 2 0
4
3 0
0 1
1 2
2 3
EOF
----------------
Entity: E3Cylinder #2372
TMESH
1
8
520.741577,694.827454,-983.126221,  -0,-0,1
520.741577,694.827454,-983.126221,  -0,-0,1
522.155762,694.827454,-983.712036,  0.707,-0,0.707
522.741577,694.827454,-985.126221,  1,-0,-0
520.741577,693.827454,-983.126221,  -0,-0,1
522.155762,693.827454,-983.712036,  0.707,-0,0.707
522.741577,693.827454,-985.126221,  1,-0,-0
522.741577,693.827454,-985.126221,  1,-0,-0
6
0 4 1
1 4 5
1 5 2
2 5 6
2 6 3
3 6 7
8
0 4
3 7
0 1
5 4
1 2
6 5
2 3
7 6
EOF
----------------
Entity: E3Plane #2414
TMESH
1
10
522.741577,711.327454,-1068.496216,  1,-0,0
522.741577,711.327454,-1067.496216,  1,-0,0
522.741577,695.827454,-1067.496216,  1,-0,0
522.741577,695.1203,-1067.203369,  1,-0,0
522.741577,694.827454,-1066.496216,  1,-0,0
522.741577,694.827454,-985.126221,  1,-0,0
522.741577,693.827454,-985.126221,  1,-0,0
522.741577,693.827454,-1066.496216,  1,-0,0
522.741577,694.413208,-1067.9104,  1,-0,0
522.741577,695.827454,-1068.496216,  1,-0,0
8
9 0 1
2 9 1
3 9 2
8 3 4
8 9 3
7 8 4
5 7 4
6 7 5
10
9 0
0 1
1 2
2 3
3 4
4 5
5 6
6 7
7 8
8 9
EOF
----------------
Entity: E3Cylinder #2439
TMESH
1
8
520.741577,693.827454,-977.126221,  -0,-0,-1
520.741577,693.827454,-977.126221,  -0,-0,-1
522.155762,693.827454,-976.540466,  0.707,-0,-0.707
522.741577,693.827454,-975.126221,  1,-0,-0
520.741577,694.827454,-977.126221,  -0,-0,-1
522.155762,694.827454,-976.540466,  0.707,-0,-0.707
522.741577,694.827454,-975.126221,  1,-0,0
522.741577,694.827454,-975.126221,  1,-0,0
6
0 4 1
1 4 5
1 5 2
2 5 6
2 6 3
3 6 7
8
0 4
3 7
0 1
5 4
1 2
6 5
2 3
7 6
EOF
----------------
Entity: E3Plane #2463
TMESH
1
4
520.741577,693.827454,-916.496216,  0,0,1
520.741577,694.827454,-916.496216,  0,0,1
519.741577,694.827454,-916.496216,  0,0,1
519.741577,693.827454,-916.496216,  0,0,1
2
2 3 0
1 2 0
4
3 0
0 1
1 2
2 3
EOF
----------------
Entity: E3Cylinder #2483
TMESH
1
18
448.236877,705.124634,-1068.496216,  0.9395,-0.342,0
449.064178,706.027527,-1068.496216,  0.4226,-0.9062,0
450.287598,706.080933,-1068.496216,  -0.342,-0.9395,0
451.19046,705.253601,-1068.496216,  -0.9062,-0.4226,0
451.243896,704.030212,-1068.496216,  -0.9395,0.342,0
450.416565,703.127319,-1068.496216,  -0.4226,0.9062,0
449.193146,703.073914,-1068.496216,  0.342,0.9395,0
448.290283,703.901245,-1068.496216,  0.9062,0.4226,0
448.236877,705.124634,-1068.496216,  0.9395,-0.342,0
448.236877,705.124634,-1067.496216,  0.9395,-0.342,0
449.064178,706.027527,-1067.496216,  0.4226,-0.9062,0
450.287598,706.080933,-1067.496216,  -0.342,-0.9395,0
451.19046,705.253601,-1067.496216,  -0.9062,-0.4226,0
451.243896,704.030212,-1067.496216,  -0.9395,0.342,0
450.416565,703.127319,-1067.496216,  -0.4226,0.9062,0
449.193146,703.073914,-1067.496216,  0.342,0.9395,0
448.290283,703.901245,-1067.496216,  0.9062,0.4226,0
448.236877,705.124634,-1067.496216,  0.9395,-0.342,0
18
9 17 0
0 17 8
17 16 8
8 16 7
16 15 7
7 15 6
15 14 6
6 14 5
14 13 5
5 13 4
13 12 4
4 12 3
12 11 3
3 11 2
11 10 2
2 10 1
10 9 1
1 9 0
18
0 1
9 10
1 2
10 11
2 3
11 12
3 4
12 13
4 5
13 14
5 6
14 15
6 7
15 16
7 8
16 17
8 0
17 9
EOF
----------------
Entity: E3Cylinder #2503
TMESH
1
18
218.211105,705.124634,-1068.496216,  0.9395,-0.342,0
219.038422,706.027527,-1068.496216,  0.4226,-0.9062,0
220.261841,706.080933,-1068.496216,  -0.342,-0.9395,0
221.164703,705.253601,-1068.496216,  -0.9062,-0.4226,0
221.218109,704.030212,-1068.496216,  -0.9395,0.342,0
220.390793,703.127319,-1068.496216,  -0.4226,0.9062,0
219.167374,703.073914,-1068.496216,  0.342,0.9395,0
218.264511,703.901245,-1068.496216,  0.9062,0.4226,0
218.211105,705.124634,-1068.496216,  0.9395,-0.342,0
218.211105,705.124634,-1067.496216,  0.9395,-0.342,0
219.038422,706.027527,-1067.496216,  0.4226,-0.9062,0
220.261841,706.080933,-1067.496216,  -0.342,-0.9395,0
221.164703,705.253601,-1067.496216,  -0.9062,-0.4226,0
221.218109,704.030212,-1067.496216,  -0.9395,0.342,0
220.390793,703.127319,-1067.496216,  -0.4226,0.9062,0
219.167374,703.073914,-1067.496216,  0.342,0.9395,0
218.264511,703.901245,-1067.496216,  0.9062,0.4226,0
218.211105,705.124634,-1067.496216,  0.9395,-0.342,0
18
9 17 0
0 17 8
17 16 8
8 16 7
16 15 7
7 15 6
15 14 6
6 14 5
14 13 5
5 13 4
13 12 4
4 12 3
12 11 3
3 11 2
11 10 2
2 10 1
10 9 1
1 9 0
18
0 1
9 10
1 2
10 11
2 3
11 12
3 4
12 13
4 5
13 14
5 6
14 15
6 7
15 16
7 8
16 17
8 0
17 9
EOF
----------------
Entity: E3Plane #2527
TMESH
1
4
520.741577,693.827454,-983.126221,  0,-0,1
520.741577,694.827454,-983.126221,  0,-0,1
501.740387,694.827454,-983.126221,  0,-0,1
501.740387,693.827454,-983.126221,  0,-0,1
2
2 0 1
3 0 2
4
3 0
0 1
1 2
2 3
EOF
----------------
Entity: E3Plane #2551
TMESH
1
4
520.741577,694.827454,-977.126221,  0,0,-1
520.741577,693.827454,-977.126221,  0,0,-1
501.740387,693.827454,-977.126221,  0,0,-1
501.740387,694.827454,-977.126221,  0,0,-1
2
2 0 1
3 0 2
4
3 0
0 1
1 2
2 3
EOF
----------------
Entity: E3Cylinder #2573
TMESH
1
8
163.801559,695.827454,-1068.496216,  -0,-0,-1
163.801559,695.827454,-1068.496216,  -0,-0,-1
163.801559,694.413208,-1067.9104,  -0,-0.707,-0.707
163.801559,693.827454,-1066.496216,  -0,-1,-0
522.741577,695.827454,-1068.496216,  -0,0,-1
522.741577,694.413208,-1067.9104,  -0,-0.707,-0.707
522.741577,693.827454,-1066.496216,  -0,-1,-0
522.741577,693.827454,-1066.496216,  -0,-1,-0
6
0 4 1
1 4 5
1 5 2
2 5 6
2 6 3
3 6 7
8
0 4
3 7
0 1
5 4
1 2
6 5
2 3
7 6
EOF
----------------
Entity: E3Cylinder #2585
TMESH
1
8
163.801559,694.827454,-1066.496216,  0,1,0
163.801559,694.827454,-1066.496216,  0,1,0
163.801559,695.1203,-1067.203369,  0,0.707,0.707
163.801559,695.827454,-1067.496216,  0,0,1
522.741577,694.827454,-1066.496216,  0,1,0
522.741577,695.1203,-1067.203369,  0,0.707,0.707
522.741577,695.827454,-1067.496216,  0,0,1
522.741577,695.827454,-1067.496216,  0,0,1
6
0 4 1
1 4 5
1 5 2
2 5 6
2 6 3
3 6 7
8
0 4
3 7
0 1
5 4
1 2
6 5
2 3
7 6
EOF
----------------
Entity: E3Plane #2625
TMESH
1
4
519.741577,684.827454,-912.996216,  0,0,1
519.741577,692.827454,-912.996216,  0,0,1
164.7146,692.827454,-912.996216,  0,0,1
164.7146,684.827454,-912.996216,  0,0,1
2
0 2 3
1 2 0
4
3 0
0 1
1 2
2 3
EOF
----------------
Entity: E3Cylinder #2649
TMESH
1
8
164.7146,692.827454,-912.996216,  -0,-0,1
164.7146,692.827454,-912.996216,  -0,-0,1
164.7146,694.241638,-913.582031,  -0,0.707,0.707
164.7146,694.827454,-914.996216,  -0,1,-0
519.741577,692.827454,-912.996216,  -0,-0,1
519.741577,694.241638,-913.582031,  -0,0.707,0.707
519.741577,694.827454,-914.996216,  -0,1,-0
519.741577,694.827454,-914.996216,  -0,1,-0
6
0 4 1
1 4 5
1 5 2
2 5 6
2 6 3
3 6 7
8
0 4
3 7
0 1
5 4
1 2
6 5
2 3
7 6
EOF
----------------
Entity: E3Plane #2724
TMESH
1
16
164.7146,684.827454,-912.996216,  -1,0,-0
164.7146,692.827454,-912.996216,  -1,0,-0
164.7146,694.241638,-913.582031,  -1,0,-0
164.7146,694.827454,-914.996216,  -1,0,-0
164.7146,694.827454,-915.996216,  -1,0,-0
164.7146,693.827454,-915.996216,  -1,0,-0
164.7146,693.827454,-914.996216,  -1,0,-0
164.7146,693.534546,-914.289124,  -1,0,-0
164.7146,692.827454,-913.996216,  -1,0,-0
164.7146,684.827454,-913.996216,  -1,0,-0
164.7146,683.413208,-913.410461,  -1,0,-0
164.7146,682.827454,-911.996216,  -1,0,-0
164.7146,682.827454,-896.496216,  -1,0,-0
164.7146,683.827454,-896.496216,  -1,0,-0
164.7146,683.827454,-911.996216,  -1,0,-0
164.7146,684.1203,-912.703308,  -1,0,-0
14
14 12 13
10 12 14
11 12 10
2 3 4
6 2 4
5 6 4
7 2 6
1 2 7
8 1 7
0 1 8
9 0 8
15 0 9
10 14 15
10 15 9
16
15 0
0 1
1 2
2 3
3 4
4 5
5 6
6 7
7 8
8 9
9 10
10 11
11 12
12 13
13 14
14 15
EOF
----------------
Entity: E3Cylinder #2749
TMESH
1
8
164.7146,693.827454,-914.996216,  0,-1,0
164.7146,693.827454,-914.996216,  0,-1,0
164.7146,693.534546,-914.289124,  0,-0.707,-0.707
164.7146,692.827454,-913.996216,  0,-0,-1
519.741577,693.827454,-914.996216,  0,-1,0
519.741577,693.534546,-914.289124,  0,-0.707,-0.707
519.741577,692.827454,-913.996216,  0,0,-1
519.741577,692.827454,-913.996216,  0,0,-1
6
0 4 1
1 4 5
1 5 2
2 5 6
2 6 3
3 6 7
8
0 4
3 7
0 1
5 4
1 2
6 5
2 3
7 6
EOF
----------------
Entity: E3Plane #2809
TMESH
1
16
519.741577,684.827454,-913.996216,  1,-0,0
519.741577,692.827454,-913.996216,  1,-0,0
519.741577,693.534546,-914.289124,  1,-0,0
519.741577,693.827454,-914.996216,  1,-0,0
519.741577,693.827454,-916.496216,  1,-0,0
519.741577,694.827454,-916.496216,  1,-0,0
519.741577,694.827454,-914.996216,  1,-0,0
519.741577,694.241638,-913.582031,  1,-0,0
519.741577,692.827454,-912.996216,  1,-0,0
519.741577,684.827454,-912.996216,  1,-0,0
519.741577,684.1203,-912.703308,  1,-0,0
519.741577,683.827454,-911.996216,  1,-0,0
519.741577,683.827454,-896.496216,  1,-0,0
519.741577,682.827454,-896.496216,  1,-0,0
519.741577,682.827454,-911.996216,  1,-0,0
519.741577,683.413208,-913.410461,  1,-0,0
14
4 5 6
7 4 6
3 4 7
2 3 7
1 2 7
8 1 7
0 1 8
9 0 8
10 0 9
15 10 11
15 0 10
14 15 11
12 14 11
13 14 12
16
15 0
0 1
1 2
2 3
3 4
4 5
5 6
6 7
7 8
8 9
9 10
10 11
11 12
12 13
13 14
14 15
EOF
----------------
Entity: E3Plane #2826
TMESH
1
4
501.740387,694.827454,-977.126221,  1,-0,0
501.740387,693.827454,-977.126221,  1,-0,0
501.740387,693.827454,-983.126221,  1,-0,0
501.740387,694.827454,-983.126221,  1,-0,0
2
2 3 0
1 2 0
4
3 0
0 1
1 2
2 3
EOF
----------------
Entity: E3Plane #2846
TMESH
1
24
520.741577,713.327454,-1068.496216,  0,0,-1
522.155762,712.741638,-1068.496216,  0,0,-1
522.741577,711.327454,-1068.496216,  0,0,-1
522.741577,695.827454,-1068.496216,  0,0,-1
163.801559,695.827454,-1068.496216,  0,0,-1
163.801559,711.327454,-1068.496216,  0,0,-1
164.387344,712.741638,-1068.496216,  0,0,-1
165.801559,713.327454,-1068.496216,  0,0,-1
448.236877,705.124634,-1068.496216,  0,0,-1
448.290283,703.901245,-1068.496216,  0,0,-1
449.193146,703.073914,-1068.496216,  0,0,-1
450.416565,703.127319,-1068.496216,  0,0,-1
451.243896,704.030212,-1068.496216,  0,0,-1
451.19046,705.253601,-1068.496216,  0,0,-1
450.287598,706.080933,-1068.496216,  0,0,-1
449.064178,706.027527,-1068.496216,  0,0,-1
218.211105,705.124634,-1068.496216,  0,0,-1
218.264511,703.901245,-1068.496216,  0,0,-1
219.167374,703.073914,-1068.496216,  0,0,-1
220.390793,703.127319,-1068.496216,  0,0,-1
221.218109,704.030212,-1068.496216,  0,0,-1
221.164703,705.253601,-1068.496216,  0,0,-1
220.261841,706.080933,-1068.496216,  0,0,-1
219.038422,706.027527,-1068.496216,  0,0,-1
26
1 2 3
0 1 3
11 0 3
10 11 3
19 15 8
19 8 9
19 9 10
19 10 3
18 19 3
4 17 18
4 18 3
16 17 4
23 16 4
5 23 4
12 0 11
13 0 12
14 0 13
15 0 14
19 0 15
20 0 19
21 0 20
22 0 21
5 22 23
5 0 22
6 0 5
7 0 6
24
7 0
0 1
1 2
2 3
3 4
4 5
5 6
6 7
15 8
8 9
9 10
10 11
11 12
12 13
13 14
14 15
23 16
16 17
17 18
18 19
19 20
20 21
21 22
22 23
EOF
----------------
Entity: E3Cylinder #2866
TMESH
1
18
295.628082,693.827454,-951.746216,  1,-0,0
296.09671,693.827454,-952.877625,  0.707,-0,0.707
297.228088,693.827454,-953.346252,  0,0,1
298.359467,693.827454,-952.877625,  -0.707,0,0.707
298.828094,693.827454,-951.746216,  -1,0,0
298.359467,693.827454,-950.614868,  -0.707,0,-0.707
297.228088,693.827454,-950.14624,  0,0,-1
296.09671,693.827454,-950.614868,  0.707,-0,-0.707
295.628082,693.827454,-951.746216,  1,-0,0
295.628082,694.827454,-951.746216,  1,-0,0
296.09671,694.827454,-952.877625,  0.707,-0,0.707
297.228088,694.827454,-953.346252,  0,0,1
298.359467,694.827454,-952.877625,  -0.707,0,0.707
298.828094,694.827454,-951.746216,  -1,0,0
298.359467,694.827454,-950.614868,  -0.707,0,-0.707
297.228088,694.827454,-950.14624,  0,0,-1
296.09671,694.827454,-950.614868,  0.707,-0,-0.707
295.628082,694.827454,-951.746216,  1,-0,0
18
9 17 0
0 17 8
17 16 8
8 16 7
16 15 7
7 15 6
15 14 6
6 14 5
14 13 5
5 13 4
13 12 4
4 12 3
12 11 3
3 11 2
11 10 2
2 10 1
10 9 1
1 9 0
18
0 1
9 10
1 2
10 11
2 3
11 12
3 4
12 13
4 5
13 14
5 6
14 15
6 7
15 16
7 8
16 17
8 0
17 9
EOF
----------------
Entity: E3Cylinder #2886
TMESH
1
18
385.628082,693.827454,-951.746216,  1,-0,0
386.09671,693.827454,-952.877625,  0.707,-0,0.707
387.228088,693.827454,-953.346252,  0,0,1
388.359467,693.827454,-952.877625,  -0.707,0,0.707
388.828094,693.827454,-951.746216,  -1,0,0
388.359467,693.827454,-950.614868,  -0.707,0,-0.707
387.228088,693.827454,-950.14624,  0,0,-1
386.09671,693.827454,-950.614868,  0.707,-0,-0.707
385.628082,693.827454,-951.746216,  1,-0,0
385.628082,694.827454,-951.746216,  1,-0,0
386.09671,694.827454,-952.877625,  0.707,-0,0.707
387.228088,694.827454,-953.346252,  0,0,1
388.359467,694.827454,-952.877625,  -0.707,0,0.707
388.828094,694.827454,-951.746216,  -1,0,0
388.359467,694.827454,-950.614868,  -0.707,0,-0.707
387.228088,694.827454,-950.14624,  0,0,-1
386.09671,694.827454,-950.614868,  0.707,-0,-0.707
385.628082,694.827454,-951.746216,  1,-0,0
18
9 17 0
0 17 8
17 16 8
8 16 7
16 15 7
7 15 6
15 14 6
6 14 5
14 13 5
5 13 4
13 12 4
4 12 3
12 11 3
3 11 2
11 10 2
2 10 1
10 9 1
1 9 0
18
0 1
9 10
1 2
10 11
2 3
11 12
3 4
12 13
4 5
13 14
5 6
14 15
6 7
15 16
7 8
16 17
8 0
17 9
EOF
----------------
Entity: E3Cylinder #2906
TMESH
1
18
385.628082,693.827454,-1041.746216,  1,-0,0
386.09671,693.827454,-1042.877563,  0.707,-0,0.707
387.228088,693.827454,-1043.346191,  0,0,1
388.359467,693.827454,-1042.877563,  -0.707,0,0.707
388.828094,693.827454,-1041.746216,  -1,0,0
388.359467,693.827454,-1040.614868,  -0.707,0,-0.707
387.228088,693.827454,-1040.14624,  0,0,-1
386.09671,693.827454,-1040.614868,  0.707,-0,-0.707
385.628082,693.827454,-1041.746216,  1,-0,0
385.628082,694.827454,-1041.746216,  1,-0,0
386.09671,694.827454,-1042.877563,  0.707,-0,0.707
387.228088,694.827454,-1043.346191,  0,0,1
388.359467,694.827454,-1042.877563,  -0.707,0,0.707
388.828094,694.827454,-1041.746216,  -1,0,0
388.359467,694.827454,-1040.614868,  -0.707,0,-0.707
387.228088,694.827454,-1040.14624,  0,0,-1
386.09671,694.827454,-1040.614868,  0.707,-0,-0.707
385.628082,694.827454,-1041.746216,  1,-0,0
18
9 17 0
0 17 8
17 16 8
8 16 7
16 15 7
7 15 6
15 14 6
6 14 5
14 13 5
5 13 4
13 12 4
4 12 3
12 11 3
3 11 2
11 10 2
2 10 1
10 9 1
1 9 0
18
0 1
9 10
1 2
10 11
2 3
11 12
3 4
12 13
4 5
13 14
5 6
14 15
6 7
15 16
7 8
16 17
8 0
17 9
EOF
----------------
Entity: E3Cylinder #2926
TMESH
1
18
295.628082,693.827454,-1041.746216,  1,-0,0
296.09671,693.827454,-1042.877563,  0.707,-0,0.707
297.228088,693.827454,-1043.346191,  0,0,1
298.359467,693.827454,-1042.877563,  -0.707,0,0.707
298.828094,693.827454,-1041.746216,  -1,0,0
298.359467,693.827454,-1040.614868,  -0.707,0,-0.707
297.228088,693.827454,-1040.14624,  0,0,-1
296.09671,693.827454,-1040.614868,  0.707,-0,-0.707
295.628082,693.827454,-1041.746216,  1,-0,0
295.628082,694.827454,-1041.746216,  1,-0,0
296.09671,694.827454,-1042.877563,  0.707,-0,0.707
297.228088,694.827454,-1043.346191,  0,0,1
298.359467,694.827454,-1042.877563,  -0.707,0,0.707
298.828094,694.827454,-1041.746216,  -1,0,0
298.359467,694.827454,-1040.614868,  -0.707,0,-0.707
297.228088,694.827454,-1040.14624,  0,0,-1
296.09671,694.827454,-1040.614868,  0.707,-0,-0.707
295.628082,694.827454,-1041.746216,  1,-0,0
18
9 17 0
0 17 8
17 16 8
8 16 7
16 15 7
7 15 6
15 14 6
6 14 5
14 13 5
5 13 4
13 12 4
4 12 3
12 11 3
3 11 2
11 10 2
2 10 1
10 9 1
1 9 0
18
0 1
9 10
1 2
10 11
2 3
11 12
3 4
12 13
4 5
13 14
5 6
14 15
6 7
15 16
7 8
16 17
8 0
17 9
EOF
----------------
Entity: E3Cylinder #2959
TMESH
1
8
519.741577,682.827454,-896.496216,  1,-0,-0
519.741577,682.827454,-896.496216,  1,-0,-0
519.155762,682.827454,-895.082031,  0.707,-0,0.707
517.741577,682.827454,-894.496216,  -0,-0,1
519.741577,683.827454,-896.496216,  1,-0,-0
519.155762,683.827454,-895.082031,  0.707,-0,0.707
517.741577,683.827454,-894.496216,  -0,-0,1
517.741577,683.827454,-894.496216,  -0,-0,1
6
0 4 1
1 4 5
1 5 2
2 5 6
2 6 3
3 6 7
8
0 4
3 7
0 1
5 4
1 2
6 5
2 3
7 6
EOF
----------------
Entity: E3Cylinder #3001
TMESH
1
8
180.862045,682.827454,-894.496216,  -0,-0,1
180.862045,682.827454,-894.496216,  -0,-0,1
179.44783,682.827454,-895.082031,  -0.707,0,0.707
178.862045,682.827454,-896.496216,  -1,0,-0
180.862045,683.827454,-894.496216,  -0,-0,1
179.44783,683.827454,-895.082031,  -0.707,0,0.707
178.862045,683.827454,-896.496216,  -1,0,-0
178.862045,683.827454,-896.496216,  -1,0,-0
6
0 4 1
1 4 5
1 5 2
2 5 6
2 6 3
3 6 7
8
0 4
3 7
0 1
5 4
1 2
6 5
2 3
7 6
EOF
----------------
Entity: E3Cylinder #3029
TMESH
1
18
487.491547,683.827454,-903.246216,  1,0,0
488.150574,683.827454,-901.655212,  0.707,0,-0.707
489.741547,683.827454,-900.996216,  0,0,-1
491.33255,683.827454,-901.655212,  -0.707,-0,-0.707
491.991547,683.827454,-903.246216,  -1,-0,0
491.33255,683.827454,-904.837219,  -0.707,-0,0.707
489.741547,683.827454,-905.496216,  0,0,1
488.150574,683.827454,-904.837219,  0.707,0,0.707
487.491547,683.827454,-903.246216,  1,0,0
487.491547,682.827454,-903.246216,  1,0,0
488.150574,682.827454,-901.655212,  0.707,0,-0.707
489.741547,682.827454,-900.996216,  0,0,-1
491.33255,682.827454,-901.655212,  -0.707,-0,-0.707
491.991547,682.827454,-903.246216,  -1,-0,0
491.33255,682.827454,-904.837219,  -0.707,-0,0.707
489.741547,682.827454,-905.496216,  0,0,1
488.150574,682.827454,-904.837219,  0.707,0,0.707
487.491547,682.827454,-903.246216,  1,0,0
18
9 17 0
0 17 8
17 16 8
8 16 7
16 15 7
7 15 6
15 14 6
6 14 5
14 13 5
5 13 4
13 12 4
4 12 3
12 11 3
3 11 2
11 10 2
2 10 1
10 9 1
1 9 0
18
0 1
9 10
1 2
10 11
2 3
11 12
3 4
12 13
4 5
13 14
5 6
14 15
6 7
15 16
7 8
16 17
8 0
17 9
EOF
----------------
Entity: E3Cylinder #3057
TMESH
1
18
206.612045,683.827454,-903.246216,  1,0,0
207.271057,683.827454,-901.655212,  0.707,0,-0.707
208.862045,683.827454,-900.996216,  0,0,-1
210.453033,683.827454,-901.655212,  -0.707,-0,-0.707
211.112045,683.827454,-903.246216,  -1,-0,0
210.453033,683.827454,-904.837219,  -0.707,-0,0.707
208.862045,683.827454,-905.496216,  0,0,1
207.271057,683.827454,-904.837219,  0.707,0,0.707
206.612045,683.827454,-903.246216,  1,0,0
206.612045,682.827454,-903.246216,  1,0,0
207.271057,682.827454,-901.655212,  0.707,0,-0.707
208.862045,682.827454,-900.996216,  0,0,-1
210.453033,682.827454,-901.655212,  -0.707,-0,-0.707
211.112045,682.827454,-903.246216,  -1,-0,0
210.453033,682.827454,-904.837219,  -0.707,-0,0.707
208.862045,682.827454,-905.496216,  0,0,1
207.271057,682.827454,-904.837219,  0.707,0,0.707
206.612045,682.827454,-903.246216,  1,0,0
18
9 17 0
0 17 8
17 16 8
8 16 7
16 15 7
7 15 6
15 14 6
6 14 5
14 13 5
5 13 4
13 12 4
4 12 3
12 11 3
3 11 2
11 10 2
2 10 1
10 9 1
1 9 0
18
0 1
9 10
1 2
10 11
2 3
11 12
3 4
12 13
4 5
13 14
5 6
14 15
6 7
15 16
7 8
16 17
8 0
17 9
EOF
----------------
Entity: E3Cylinder #3074
TMESH
1
8
519.741577,684.827454,-912.996216,  0,0,1
519.741577,684.827454,-912.996216,  0,0,1
519.741577,684.1203,-912.703308,  0,0.707,0.707
519.741577,683.827454,-911.996216,  0,1,-0
164.7146,684.827454,-912.996216,  0,0,1
164.7146,684.1203,-912.703308,  0,0.707,0.707
164.7146,683.827454,-911.996216,  0,1,-0
164.7146,683.827454,-911.996216,  0,1,-0
6
0 4 1
1 4 5
1 5 2
2 5 6
2 6 3
3 6 7
8
0 4
3 7
0 1
5 4
1 2
6 5
2 3
7 6
EOF
----------------
Entity: E3Plane #3096
TMESH
1
4
517.741577,682.827454,-894.496216,  0,0,1
517.741577,683.827454,-894.496216,  0,0,1
180.862045,683.827454,-894.496216,  0,0,1
180.862045,682.827454,-894.496216,  0,0,1
2
0 2 3
1 2 0
4
3 0
0 1
1 2
2 3
EOF
----------------
Entity: E3Cylinder #3114
TMESH
1
8
164.7146,684.827454,-913.996216,  -0,-0,-1
164.7146,684.827454,-913.996216,  -0,-0,-1
164.7146,683.413208,-913.410461,  -0,-0.707,-0.707
164.7146,682.827454,-911.996216,  -0,-1,-0
519.741577,684.827454,-913.996216,  -0,0,-1
519.741577,683.413208,-913.410461,  -0,-0.707,-0.707
519.741577,682.827454,-911.996216,  -0,-1,-0
519.741577,682.827454,-911.996216,  -0,-1,-0
6
0 4 1
1 4 5
1 5 2
2 5 6
2 6 3
3 6 7
8
0 4
3 7
0 1
5 4
1 2
6 5
2 3
7 6
EOF
----------------
Entity: E3Plane #3140
TMESH
1
25
164.7146,682.827454,-896.496216,  0,-1,0
164.7146,682.827454,-911.996216,  0,-1,0
519.741577,682.827454,-911.996216,  0,-1,0
519.741577,682.827454,-896.496216,  0,-1,0
519.155762,682.827454,-895.082031,  0,-1,0
517.741577,682.827454,-894.496216,  0,-1,0
180.862045,682.827454,-894.496216,  0,-1,0
179.44783,682.827454,-895.082031,  0,-1,0
178.862045,682.827454,-896.496216,  0,-1,0
487.491547,682.827454,-903.246216,  0,-1,0
488.150574,682.827454,-901.655212,  0,-1,0
489.741547,682.827454,-900.996216,  0,-1,0
491.33255,682.827454,-901.655212,  0,-1,0
491.991547,682.827454,-903.246216,  0,-1,0
491.33255,682.827454,-904.837219,  0,-1,0
489.741547,682.827454,-905.496216,  0,-1,0
488.150574,682.827454,-904.837219,  0,-1,0
206.612045,682.827454,-903.246216,  0,-1,0
207.271057,682.827454,-901.655212,  0,-1,0
208.862045,682.827454,-900.996216,  0,-1,0
210.453033,682.827454,-901.655212,  0,-1,0
211.112045,682.827454,-903.246216,  0,-1,0
210.453033,682.827454,-904.837219,  0,-1,0
208.862045,682.827454,-905.496216,  0,-1,0
207.271057,682.827454,-904.837219,  0,-1,0
27
8 0 1
6 7 8
6 8 1
17 6 1
24 17 1
23 24 1
9 21 22
9 22 23
9 23 1
16 9 1
15 16 1
5 13 14
5 14 15
4 5 15
3 4 15
2 3 15
2 15 1
18 6 17
19 6 18
9 20 21
9 19 20
9 6 19
10 6 9
11 6 10
5 12 13
5 11 12
5 6 11
25
8 0
0 1
1 2
2 3
3 4
4 5
5 6
6 7
7 8
16 9
9 10
10 11
11 12
12 13
13 14
14 15
15 16
24 17
17 18
18 19
19 20
20 21
21 22
22 23
23 24
EOF
----------------
Entity: E3Plane #3157
TMESH
1
4
164.7146,683.827454,-896.496216,  0,0,1
164.7146,682.827454,-896.496216,  0,0,1
178.862045,682.827454,-896.496216,  0,0,1
178.862045,683.827454,-896.496216,  0,0,1
2
2 0 1
3 0 2
4
3 0
0 1
1 2
2 3
EOF
----------------
Entity: E3Plane #3178
TMESH
1
25
164.7146,683.827454,-911.996216,  0,1,0
164.7146,683.827454,-896.496216,  0,1,0
178.862045,683.827454,-896.496216,  0,1,0
179.44783,683.827454,-895.082031,  0,1,0
180.862045,683.827454,-894.496216,  0,1,0
517.741577,683.827454,-894.496216,  0,1,0
519.155762,683.827454,-895.082031,  0,1,0
519.741577,683.827454,-896.496216,  0,1,0
519.741577,683.827454,-911.996216,  0,1,0
487.491547,683.827454,-903.246216,  0,1,0
488.150574,683.827454,-904.837219,  0,1,0
489.741547,683.827454,-905.496216,  0,1,0
491.33255,683.827454,-904.837219,  0,1,0
491.991547,683.827454,-903.246216,  0,1,0
491.33255,683.827454,-901.655212,  0,1,0
489.741547,683.827454,-900.996216,  0,1,0
488.150574,683.827454,-901.655212,  0,1,0
206.612045,683.827454,-903.246216,  0,1,0
207.271057,683.827454,-904.837219,  0,1,0
208.862045,683.827454,-905.496216,  0,1,0
210.453033,683.827454,-904.837219,  0,1,0
211.112045,683.827454,-903.246216,  0,1,0
210.453033,683.827454,-901.655212,  0,1,0
208.862045,683.827454,-900.996216,  0,1,0
207.271057,683.827454,-901.655212,  0,1,0
27
2 0 1
4 2 3
4 0 2
17 0 4
18 0 17
19 0 18
9 20 21
9 19 20
9 0 19
10 0 9
11 0 10
8 12 13
8 11 12
8 0 11
24 17 4
23 24 4
9 21 22
9 22 23
9 23 4
16 9 4
15 16 4
8 13 14
8 14 15
5 8 15
5 15 4
6 8 5
7 8 6
25
8 0
0 1
1 2
2 3
3 4
4 5
5 6
6 7
7 8
16 9
9 10
10 11
11 12
12 13
13 14
14 15
15 16
24 17
17 18
18 19
19 20
20 21
21 22
22 23
23 24
EOF
----------------
Entity: E3Plane #3243
TMESH
1
127
163.801559,693.827454,-915.996216,  0,-1,0
163.801559,693.827454,-1065.496216,  0,-1,0
163.801559,693.827454,-1066.496216,  0,-1,0
522.741577,693.827454,-1066.496216,  0,-1,0
522.741577,693.827454,-985.126221,  0,-1,0
522.155762,693.827454,-983.712036,  0,-1,0
520.741577,693.827454,-983.126221,  0,-1,0
501.740387,693.827454,-983.126221,  0,-1,0
501.740387,693.827454,-977.126221,  0,-1,0
520.741577,693.827454,-977.126221,  0,-1,0
522.155762,693.827454,-976.540466,  0,-1,0
522.741577,693.827454,-975.126221,  0,-1,0
522.741577,693.827454,-918.496216,  0,-1,0
522.155762,693.827454,-917.082031,  0,-1,0
520.741577,693.827454,-916.496216,  0,-1,0
519.741577,693.827454,-916.496216,  0,-1,0
519.741577,693.827454,-914.996216,  0,-1,0
164.7146,693.827454,-914.996216,  0,-1,0
164.7146,693.827454,-915.996216,  0,-1,0
295.628082,693.827454,-1041.746216,  0,-1,0
296.09671,693.827454,-1040.614868,  0,-1,0
297.228088,693.827454,-1040.14624,  0,-1,0
298.359467,693.827454,-1040.614868,  0,-1,0
298.828094,693.827454,-1041.746216,  0,-1,0
298.359467,693.827454,-1042.877563,  0,-1,0
297.228088,693.827454,-1043.346191,  0,-1,0
296.09671,693.827454,-1042.877563,  0,-1,0
385.628082,693.827454,-1041.746216,  0,-1,0
386.09671,693.827454,-1040.614868,  0,-1,0
387.228088,693.827454,-1040.14624,  0,-1,0
388.359467,693.827454,-1040.614868,  0,-1,0
388.828094,693.827454,-1041.746216,  0,-1,0
388.359467,693.827454,-1042.877563,  0,-1,0
387.228088,693.827454,-1043.346191,  0,-1,0
386.09671,693.827454,-1042.877563,  0,-1,0
385.628082,693.827454,-951.746216,  0,-1,0
386.09671,693.827454,-950.614868,  0,-1,0
387.228088,693.827454,-950.14624,  0,-1,0
388.359467,693.827454,-950.614868,  0,-1,0
388.828094,693.827454,-951.746216,  0,-1,0
388.359467,693.827454,-952.877625,  0,-1,0
387.228088,693.827454,-953.346252,  0,-1,0
386.09671,693.827454,-952.877625,  0,-1,0
295.628082,693.827454,-951.746216,  0,-1,0
296.09671,693.827454,-950.614868,  0,-1,0
297.228088,693.827454,-950.14624,  0,-1,0
298.359467,693.827454,-950.614868,  0,-1,0
298.828094,693.827454,-951.746216,  0,-1,0
298.359467,693.827454,-952.877625,  0,-1,0
297.228088,693.827454,-953.346252,  0,-1,0
296.09671,693.827454,-952.877625,  0,-1,0
364.263367,693.827454,-1052.015503,  0,-1,0
361.553741,693.827454,-1049.305908,  0,-1,0
352.739288,693.827454,-1051.750854,  0,-1,0
343.644348,693.827454,-1052.728271,  0,-1,0
334.511658,693.827454,-1052.212036,  0,-1,0
325.584839,693.827454,-1050.21582,  0,-1,0
317.102081,693.827454,-1046.793091,  0,-1,0
309.289734,693.827454,-1042.034912,  0,-1,0
302.356201,693.827454,-1036.068359,  0,-1,0
296.486542,693.827454,-1029.052734,  0,-1,0
293.977448,693.827454,-1031.56189,  0,-1,0
290.075134,693.827454,-1025.387451,  0,-1,0
286.958771,693.827454,-1018.781494,  0,-1,0
289.668396,693.827454,-1016.071899,  0,-1,0
287.223389,693.827454,-1007.257446,  0,-1,0
286.246002,693.827454,-998.162537,  0,-1,0
286.762268,693.827454,-989.029785,  0,-1,0
288.758453,693.827454,-980.102966,  0,-1,0
292.181244,693.827454,-971.620239,  0,-1,0
296.939392,693.827454,-963.807861,  0,-1,0
302.905884,693.827454,-956.87439,  0,-1,0
309.92157,693.827454,-951.0047,  0,-1,0
307.412476,693.827454,-948.495605,  0,-1,0
313.586823,693.827454,-944.593323,  0,-1,0
320.19278,693.827454,-941.476929,  0,-1,0
322.902435,693.827454,-944.186584,  0,-1,0
331.716888,693.827454,-941.741577,  0,-1,0
340.811798,693.827454,-940.76416,  0,-1,0
349.944489,693.827454,-941.280396,  0,-1,0
358.871307,693.827454,-943.276611,  0,-1,0
367.354065,693.827454,-946.699402,  0,-1,0
375.166443,693.827454,-951.45752,  0,-1,0
382.099945,693.827454,-957.424011,  0,-1,0
387.969635,693.827454,-964.439697,  0,-1,0
390.478729,693.827454,-961.930603,  0,-1,0
394.381012,693.827454,-968.10498,  0,-1,0
397.497375,693.827454,-974.710938,  0,-1,0
394.78775,693.827454,-977.420593,  0,-1,0
397.232758,693.827454,-986.235046,  0,-1,0
398.210175,693.827454,-995.329956,  0,-1,0
397.693909,693.827454,-1004.462646,  0,-1,0
395.697723,693.827454,-1013.389465,  0,-1,0
392.274902,693.827454,-1021.872192,  0,-1,0
387.516754,693.827454,-1029.68457,  0,-1,0
381.550262,693.827454,-1036.618042,  0,-1,0
374.534607,693.827454,-1042.487793,  0,-1,0
377.043701,693.827454,-1044.996826,  0,-1,0
370.869324,693.827454,-1048.89917,  0,-1,0
244.121552,693.827454,-986.916199,  0,-1,0
244.715744,693.827454,-984.312927,  0,-1,0
246.380615,693.827454,-982.22522,  0,-1,0
248.786423,693.827454,-981.06665,  0,-1,0
251.45668,693.827454,-981.06665,  0,-1,0
253.862488,693.827454,-982.22522,  0,-1,0
255.527374,693.827454,-984.312927,  0,-1,0
256.121552,693.827454,-986.916199,  0,-1,0
255.527374,693.827454,-989.519531,  0,-1,0
253.862488,693.827454,-991.607239,  0,-1,0
251.45668,693.827454,-992.765808,  0,-1,0
248.786423,693.827454,-992.765808,  0,-1,0
246.380615,693.827454,-991.607239,  0,-1,0
244.715744,693.827454,-989.519531,  0,-1,0
200.371552,693.827454,-986.916199,  0,-1,0
200.965744,693.827454,-984.312927,  0,-1,0
202.630615,693.827454,-982.22522,  0,-1,0
205.036423,693.827454,-981.06665,  0,-1,0
207.70668,693.827454,-981.06665,  0,-1,0
210.112488,693.827454,-982.22522,  0,-1,0
211.777374,693.827454,-984.312927,  0,-1,0
212.371552,693.827454,-986.916199,  0,-1,0
211.777374,693.827454,-989.519531,  0,-1,0
210.112488,693.827454,-991.607239,  0,-1,0
207.70668,693.827454,-992.765808,  0,-1,0
205.036423,693.827454,-992.765808,  0,-1,0
202.630615,693.827454,-991.607239,  0,-1,0
200.965744,693.827454,-989.519531,  0,-1,0
139
9 10 11
12 9 11
13 9 12
14 9 13
15 9 14
8 15 16
8 9 15
91 8 16
90 91 16
89 90 16
87 89 16
86 87 16
85 86 16
39 84 85
39 85 16
38 39 16
37 38 16
83 35 36
82 83 36
82 36 37
82 37 16
81 82 16
80 81 16
79 80 16
78 79 16
77 78 16
75 76 77
75 77 16
70 71 73
47 70 73
47 73 74
46 47 74
46 74 75
45 46 75
68 69 43
106 67 68
106 68 43
106 43 44
105 106 44
104 105 44
103 104 44
102 103 44
101 102 44
120 99 100
120 100 101
120 101 44
119 120 44
119 44 45
118 119 45
118 45 75
117 118 75
116 117 75
2 113 114
1 2 114
18 1 114
18 114 115
18 115 116
18 116 75
18 75 16
17 18 16
71 72 73
65 63 64
5 3 4
6 3 5
7 3 6
91 7 8
91 3 7
92 3 91
93 3 92
31 3 93
32 3 31
33 3 32
95 27 94
95 34 27
97 34 95
97 33 34
97 3 33
98 3 97
51 3 98
53 51 52
53 3 51
54 3 53
55 3 54
23 58 59
23 57 58
23 56 57
24 56 23
25 56 24
61 19 60
62 19 61
63 19 62
66 63 65
106 66 67
106 63 66
106 19 63
106 26 19
107 26 106
108 26 107
109 26 108
110 26 109
111 26 110
120 112 99
120 111 112
120 26 111
121 26 120
122 26 121
123 26 122
124 26 123
125 26 124
2 126 113
2 125 126
2 26 125
2 25 26
2 56 25
2 55 56
2 3 55
0 1 18
48 70 47
49 70 48
50 70 49
43 70 50
69 70 43
22 23 59
21 22 59
20 21 59
60 19 20
60 20 59
40 84 39
41 84 40
42 84 41
35 84 42
83 84 35
96 97 95
88 89 87
30 31 93
29 30 93
28 29 93
27 28 93
94 27 93
127
18 0
0 1
1 2
2 3
3 4
4 5
5 6
6 7
7 8
8 9
9 10
10 11
11 12
12 13
13 14
14 15
15 16
16 17
17 18
26 19
19 20
20 21
21 22
22 23
23 24
24 25
25 26
34 27
27 28
28 29
29 30
30 31
31 32
32 33
33 34
42 35
35 36
36 37
37 38
38 39
39 40
40 41
41 42
50 43
43 44
44 45
45 46
46 47
47 48
48 49
49 50
98 51
51 52
52 53
53 54
54 55
55 56
56 57
57 58
58 59
59 60
60 61
61 62
62 63
63 64
64 65
65 66
66 67
67 68
68 69
69 70
70 71
71 72
72 73
73 74
74 75
75 76
76 77
77 78
78 79
79 80
80 81
81 82
82 83
83 84
84 85
85 86
86 87
87 88
88 89
89 90
90 91
91 92
92 93
93 94
94 95
95 96
96 97
97 98
112 99
99 100
100 101
101 102
102 103
103 104
104 105
105 106
106 107
107 108
108 109
109 110
110 111
111 112
126 113
113 114
114 115
115 116
116 117
117 118
118 119
119 120
120 121
121 122
122 123
123 124
124 125
125 126
EOF
----------------
Entity: E3Plane #3265
TMESH
1
10
163.801559,694.827454,-915.996216,  0,-0,1
162.387344,694.241638,-915.996216,  0,-0,1
161.801559,692.827454,-915.996216,  0,-0,1
161.801559,686.853577,-915.996216,  0,-0,1
162.801559,686.853577,-915.996216,  0,-0,1
162.801559,692.827454,-915.996216,  0,-0,1
163.094452,693.534546,-915.996216,  0,-0,1
163.801559,693.827454,-915.996216,  0,-0,1
164.7146,693.827454,-915.996216,  0,-0,1
164.7146,694.827454,-915.996216,  0,-0,1
8
1 9 0
8 9 1
7 8 1
6 7 1
5 6 1
2 5 1
4 5 2
3 4 2
10
9 0
0 1
1 2
2 3
3 4
4 5
5 6
6 7
7 8
8 9
EOF
----------------
Entity: E3Cylinder #3283
TMESH
1
8
161.801559,692.827454,-1065.496216,  -1,-0,-0
161.801559,692.827454,-1065.496216,  -1,-0,-0
162.387344,694.241638,-1065.496216,  -0.707,0.707,-0
163.801559,694.827454,-1065.496216,  -0,1,-0
161.801559,692.827454,-915.996216,  -1,-0,-0
162.387344,694.241638,-915.996216,  -0.707,0.707,-0
163.801559,694.827454,-915.996216,  -0,1,-0
163.801559,694.827454,-915.996216,  -0,1,-0
6
0 4 1
1 4 5
1 5 2
2 5 6
2 6 3
3 6 7
8
0 4
3 7
0 1
5 4
1 2
6 5
2 3
7 6
EOF
----------------
Entity: E3Plane #3297
TMESH
1
8
163.801559,694.827454,-1065.496216,  0,0,-1
163.801559,693.827454,-1065.496216,  0,0,-1
163.094452,693.534546,-1065.496216,  0,0,-1
162.801559,692.827454,-1065.496216,  0,0,-1
162.801559,691.994019,-1065.496216,  0,0,-1
161.801559,691.994019,-1065.496216,  0,0,-1
161.801559,692.827454,-1065.496216,  0,0,-1
162.387344,694.241638,-1065.496216,  0,0,-1
6
3 4 5
6 3 5
2 3 6
7 1 2
7 2 6
0 1 7
8
7 0
0 1
1 2
2 3
3 4
4 5
5 6
6 7
EOF
----------------
