4
5
30
31
32
33
34
35
36
38
39
44
46
49
52
53
60
66
75
76
78
79
90
100
102
105
140
141
142
143
144
145
146
148
170
171
172
173
174
175
176
177
178
179
210
211
212
213
220
221
222
223
231
232
233
270
271
272
273
274
275
276
277
278
279
280
281
282
283
284
285
286
287
288
289
290
291
292
293
294
295
296
297
298
299
330
331
332
333
334
335
336
337
338
339
340
341
342
343
344
345
346
347
348
349
350
351
352
353
354
355
356
357
358
359
360
361
362
363
364
365
366
367
368
369
370
371
372
373
374
375
376
377
378
379
380
381
382
383
384
385
386
387
388
389
390
391
392
393
394
395
396
397
398
399
420
440
999
1000
1001
1002
1004
1005
1010
1011
1012
1013
1020
1021
1022
1023
1030
1031
1032
1033
1040
1041
1042
1070
1071
