401
4
468,518
464,514
464,513
469,513
7
846,290
838,290
836,289
840,287
841,287
843,288
844,289
7
88,408
88,411
87,412
82,412
83,410
84,410
86,408
9
819,281
820,278
821,277
822,275
824,276
826,278
824,280
823,280
822,281
11
77,437
75,439
71,441
67,441
66,440
66,439
68,437
72,437
74,436
76,436
76,437
6
247,560
251,555
253,555
255,556
258,562
257,562
11
291,576
289,575
288,573
289,571
289,569
291,568
292,568
292,569
294,570
297,574
298,576
10
237,82
240,84
241,87
243,91
243,93
241,95
237,93
236,91
236,89
237,88
15
848,295
847,296
843,298
839,298
837,299
836,299
835,298
833,297
831,295
830,295
830,293
834,293
836,294
841,294
845,295
11
536,524
534,521
533,519
533,515
536,515
538,516
542,519
543,520
543,522
542,523
539,523
13
315,563
321,563
322,564
323,564
323,566
324,569
324,570
323,570
321,571
319,571
315,569
314,569
314,566
8
448,521
444,517
443,515
444,513
449,511
452,511
453,512
453,513
14
55,265
63,266
65,266
67,267
69,267
68,268
65,270
60,272
59,273
58,273
56,271
55,269
54,268
54,266
22
755,343
753,343
750,340
748,339
746,337
745,337
741,335
739,333
737,332
736,331
734,331
733,330
734,329
735,329
736,330
737,330
745,333
747,334
749,334
751,336
751,337
752,338
22
835,285
834,287
832,288
824,288
820,287
819,287
819,284
820,284
821,283
822,284
824,284
826,283
827,282
828,282
828,281
829,281
830,282
830,283
831,283
832,284
833,284
834,285
9
365,557
374,554
376,555
377,559
377,560
376,561
366,561
366,560
365,560
14
157,301
147,306
144,306
144,304
143,303
145,299
147,297
150,295
152,297
152,298
153,298
154,299
156,300
157,300
7
289,546
289,549
288,553
287,556
286,557
282,555
282,542
9
660,443
658,442
653,436
652,435
652,433
662,433
666,435
664,437
662,441
16
700,356
686,356
681,355
680,355
680,354
681,354
689,349
693,349
694,350
696,351
696,352
697,352
698,353
699,353
699,354
700,355
20
802,297
798,298
797,298
795,299
792,300
788,298
788,297
787,297
786,296
786,295
785,294
786,294
787,293
788,293
794,292
799,292
800,293
800,294
801,294
802,296
14
637,365
635,364
632,361
630,360
628,358
626,357
624,355
623,353
625,353
629,354
637,355
638,357
638,362
637,363
18
372,29
376,31
379,31
380,32
381,32
381,34
380,35
380,36
375,40
374,41
371,42
369,42
369,39
370,37
370,35
371,35
371,31
372,30
15
335,42
336,35
336,26
338,26
340,27
344,28
345,29
343,32
342,35
341,37
340,38
340,39
339,40
338,40
337,41
14
415,495
411,493
409,491
408,491
408,484
409,481
409,480
410,479
410,478
411,478
412,479
416,485
416,486
415,494
15
58,336
57,337
55,337
52,338
49,338
46,339
44,339
44,338
46,334
46,330
47,329
51,329
52,330
53,330
58,335
16
203,562
200,562
197,561
195,560
194,559
193,557
192,556
195,553
197,552
203,550
204,551
203,553
203,556
204,558
204,560
203,561
19
160,178
155,173
153,173
152,172
151,170
151,169
153,168
154,167
156,166
158,166
160,165
163,165
164,166
165,166
165,167
164,170
162,174
162,176
161,176
16
736,378
734,380
732,381
730,383
728,384
727,384
726,383
726,378
727,373
728,371
728,368
731,369
733,371
733,372
734,374
736,376
15
67,423
67,432
65,436
62,437
61,437
61,438
59,438
57,437
57,436
56,435
56,431
57,431
57,430
61,428
65,424
19
332,526
334,526
338,530
339,530
342,536
342,537
341,538
339,538
337,539
336,540
333,540
332,539
332,538
331,535
331,534
330,532
330,529
331,528
331,527
17
286,301
284,304
283,306
282,307
280,311
279,312
277,311
276,309
274,308
274,305
275,305
277,302
278,300
279,299
281,296
282,295
283,296
20
341,269
339,271
338,273
337,274
336,276
333,276
331,275
328,273
326,271
323,270
321,269
320,268
318,267
317,266
324,266
326,267
328,267
332,268
335,268
338,269
20
52,413
51,412
51,410
52,408
53,405
54,404
54,400
57,397
59,397
62,396
63,398
63,400
62,401
61,404
61,405
60,408
60,409
59,409
57,410
56,411
15
736,368
750,368
751,369
753,369
753,370
754,371
754,372
752,374
751,374
745,376
740,376
739,375
738,372
737,370
736,369
12
520,52
521,51
528,51
532,52
533,52
533,55
530,59
528,62
524,65
524,64
522,59
521,56
14
175,542
174,542
163,539
160,538
159,537
159,535
160,535
162,534
165,532
165,531
167,531
173,533
174,534
175,534
11
675,417
678,420
679,423
681,426
681,428
679,430
677,431
673,432
670,432
670,425
671,421
14
130,215
132,221
132,228
131,228
130,229
123,229
121,228
120,228
119,227
120,224
121,222
123,221
124,219
126,217
22
621,95
620,96
618,99
616,101
615,103
615,104
614,105
613,105
613,106
608,104
607,104
606,103
604,102
604,100
605,99
606,99
610,96
613,93
618,93
619,94
620,94
620,95
12
462,258
459,264
457,264
449,263
448,263
446,261
445,258
453,253
454,252
457,255
458,255
459,256
16
582,492
585,496
587,500
587,502
585,504
583,507
581,508
580,509
579,509
578,510
577,510
576,509
576,500
577,498
578,497
578,496
14
104,422
102,422
101,421
97,419
95,417
95,414
96,414
98,412
101,410
103,409
106,408
108,408
108,415
106,419
12
597,477
600,471
601,470
603,470
609,473
610,475
610,479
607,485
604,482
601,481
600,480
598,479
11
327,570
327,564
331,556
332,555
334,558
335,561
337,564
340,567
340,568
341,569
340,570
21
207,193
204,193
200,189
198,188
197,188
196,187
195,187
192,184
192,183
193,182
193,178
194,178
194,177
200,180
201,180
202,182
203,182
205,184
206,184
206,185
207,186
17
296,542
300,537
301,536
305,536
307,537
311,538
313,538
313,540
312,542
310,544
309,546
307,547
306,547
302,545
299,545
298,544
297,544
16
728,209
730,211
730,213
731,215
731,225
730,226
728,226
723,223
720,222
719,221
718,221
719,219
721,217
723,213
725,212
726,210
16
113,499
115,501
116,503
117,506
117,512
118,514
117,514
116,515
115,515
111,514
109,514
107,513
107,512
105,510
105,508
113,500
19
627,444
629,444
629,445
630,446
632,447
634,449
640,453
644,455
645,455
646,456
644,458
643,458
637,460
635,460
633,458
632,456
630,454
628,451
627,449
10
296,35
299,32
303,30
306,30
307,31
308,31
308,47
307,47
303,45
301,43
16
256,56
258,59
258,62
259,63
259,65
262,70
262,71
261,71
260,72
252,72
251,70
249,65
249,63
250,61
254,57
254,56
18
338,290
341,292
344,295
347,297
349,298
350,299
351,299
353,301
349,305
346,305
345,304
343,304
341,302
337,300
335,298
335,295
336,292
336,291
15
646,112
648,115
650,121
650,123
649,125
645,129
643,130
642,130
641,131
640,131
640,124
639,121
639,117
640,116
643,115
15
795,304
804,300
806,300
807,301
808,301
809,302
811,303
813,303
814,304
815,304
818,306
817,308
813,310
805,310
795,305
11
56,426
53,419
53,417
54,416
55,416
57,414
59,413
71,413
72,414
67,419
57,425
15
329,336
326,329
327,328
329,327
332,326
334,325
336,325
337,324
340,324
341,328
341,330
343,334
343,335
341,335
336,336
17
578,464
583,464
585,465
586,465
588,466
594,466
595,467
596,467
596,470
595,473
594,475
593,476
588,475
582,473
581,472
579,468
578,465
11
382,549
386,550
390,553
395,556
396,559
393,562
389,562
386,563
384,562
381,562
381,550
14
392,293
389,290
388,288
388,280
389,279
391,276
394,272
395,271
400,271
399,275
398,276
398,279
397,281
397,284
18
579,70
583,72
584,73
585,75
585,77
584,79
581,83
581,84
580,84
579,85
575,85
572,86
571,84
571,81
572,78
573,76
574,73
576,72
18
472,236
471,239
471,240
469,242
464,252
463,253
461,253
459,252
459,251
458,250
458,248
459,244
461,240
462,236
465,233
467,233
467,234
470,234
14
424,251
429,254
432,255
434,256
437,257
439,257
442,260
442,262
441,263
426,263
424,262
422,262
421,261
422,260
16
797,255
802,256
803,256
805,257
808,259
809,260
809,263
806,266
795,266
794,267
793,267
792,266
792,261
793,259
794,258
795,256
20
404,47
403,50
403,53
402,54
401,56
401,57
399,59
398,61
395,64
393,64
393,62
392,61
392,59
393,53
393,45
394,44
396,44
397,45
398,45
399,46
18
710,309
707,312
707,313
704,313
702,311
699,310
697,309
696,309
694,308
691,307
685,303
685,302
686,302
687,301
698,301
699,302
705,305
706,305
19
704,386
705,385
707,385
710,386
711,386
717,387
720,387
724,388
726,390
726,392
725,395
718,395
715,398
714,398
713,397
712,397
711,395
711,394
710,393
23
673,184
676,179
677,178
678,176
678,175
681,172
681,171
682,170
683,170
684,171
685,171
689,176
690,178
690,179
691,180
691,182
690,183
688,183
686,184
681,184
679,185
675,185
674,184
23
207,180
206,180
201,175
196,171
196,170
195,169
195,168
194,166
194,165
195,162
196,162
201,164
205,166
206,166
207,167
208,167
209,168
210,168
210,170
209,172
209,173
208,177
208,178
14
118,399
118,398
119,390
119,385
120,385
123,384
125,383
128,382
129,381
129,384
128,388
128,399
127,400
126,400
20
245,69
248,72
249,74
250,75
252,78
255,84
254,86
252,87
246,89
246,88
244,85
243,83
241,80
240,79
240,78
242,76
242,74
243,73
244,70
244,69
25
805,292
814,292
816,293
824,293
825,294
826,294
827,296
829,298
830,298
831,300
829,300
822,302
822,303
821,302
819,302
817,301
815,299
813,299
810,298
809,297
808,297
807,296
806,296
806,295
805,294
21
299,47
302,48
306,50
307,52
308,53
309,55
308,57
308,60
307,61
307,63
305,64
305,65
303,65
301,63
299,59
297,56
294,53
295,51
296,50
296,49
297,49
13
789,273
790,277
796,285
796,287
791,287
789,288
782,288
781,287
777,287
777,286
778,284
780,281
785,276
17
777,256
774,257
773,258
769,258
766,257
763,257
760,254
760,249
759,247
759,244
760,244
760,243
761,243
763,244
765,244
767,245
776,254
21
121,182
121,180
122,178
124,176
126,175
127,175
130,173
132,173
133,174
134,176
134,182
135,184
135,188
136,190
136,191
135,192
134,191
130,189
128,187
126,186
125,185
12
122,517
121,515
121,513
122,511
123,510
134,510
135,511
136,514
137,516
137,523
131,523
127,521
25
278,433
278,436
279,437
279,438
278,442
278,445
275,447
272,451
270,453
268,454
267,453
265,452
262,449
262,448
261,447
261,446
263,445
264,444
265,444
266,443
267,443
269,441
269,440
271,439
276,434
19
270,99
268,95
265,92
263,89
262,87
260,85
257,79
255,77
256,76
258,76
260,75
262,75
263,76
267,76
268,78
270,80
270,81
271,87
271,97
19
260,53
262,53
266,52
269,52
270,53
271,53
271,54
272,55
272,63
273,65
272,67
271,73
271,74
270,74
266,70
265,70
264,64
263,63
260,55
21
686,426
685,425
685,424
684,423
682,419
678,412
678,410
680,410
685,409
690,407
692,407
693,408
695,408
697,410
696,411
695,413
694,414
694,416
688,422
687,424
687,425
20
399,289
402,290
406,292
408,296
409,297
409,300
408,301
406,302
401,305
400,306
399,306
398,308
397,308
393,310
393,306
395,301
395,297
397,293
397,292
398,290
24
402,79
401,80
401,81
400,81
391,89
390,90
389,92
388,92
388,93
387,93
386,92
387,88
388,87
388,80
389,76
389,70
391,68
392,68
393,69
395,70
397,72
398,74
399,75
400,77
15
748,236
751,234
752,233
755,231
760,229
771,229
773,231
773,235
765,239
757,239
757,240
754,239
753,239
751,238
750,238
20
793,253
789,257
785,257
784,256
782,255
781,254
776,248
775,247
775,246
774,245
772,244
769,241
773,239
776,239
780,243
786,245
787,246
789,247
790,248
791,250
26
711,177
715,177
718,180
719,185
720,186
720,187
721,188
723,189
724,190
727,191
729,193
730,193
731,194
731,196
730,197
730,198
728,200
726,200
722,195
716,191
708,185
707,184
707,183
706,182
707,182
707,181
14
339,426
335,424
334,423
333,423
332,422
332,406
333,405
333,404
335,404
341,406
344,408
343,410
342,411
342,426
19
462,189
467,186
474,184
480,183
483,184
483,188
482,188
482,189
479,195
478,196
477,198
475,198
474,199
472,199
471,198
470,196
466,192
463,191
463,190
22
450,352
449,353
447,357
445,358
444,360
443,361
440,361
438,359
437,356
436,356
436,355
435,354
433,353
432,352
431,350
431,349
430,347
425,342
425,340
441,348
444,348
445,349
16
738,274
738,282
737,282
737,283
725,283
720,282
714,282
714,281
715,280
715,279
716,278
718,277
720,273
721,272
726,272
735,274
20
185,242
187,245
189,249
191,252
193,254
191,256
190,256
187,254
186,253
184,252
180,251
178,250
174,250
171,249
171,248
167,242
167,240
172,240
173,241
183,241
19
759,206
761,207
762,208
763,210
764,214
765,217
765,218
767,220
768,222
768,224
767,225
760,226
756,226
753,227
752,227
752,225
753,214
754,214
757,208
23
408,81
409,80
414,73
416,70
417,68
421,64
422,62
423,59
424,58
425,58
427,59
433,65
433,66
432,67
432,68
431,69
425,72
422,73
416,79
414,82
412,84
411,83
410,83
13
368,269
372,270
388,270
388,271
387,274
385,277
384,278
383,280
381,282
368,282
367,279
367,276
368,273
11
260,187
260,202
259,203
255,203
251,199
245,187
244,186
244,184
243,184
243,182
245,182
15
294,275
295,277
296,278
296,279
297,283
297,285
298,287
301,294
301,296
298,297
296,298
293,298
290,297
288,295
285,289
16
418,554
417,555
401,555
399,554
388,547
387,546
387,545
394,542
396,541
397,542
399,542
400,544
408,548
410,548
412,549
415,550
27
97,489
100,486
102,486
103,485
104,485
106,484
108,482
111,481
113,480
116,480
117,481
114,487
113,490
112,491
111,493
110,494
110,495
108,498
106,500
103,504
102,503
102,502
101,501
101,497
100,495
99,492
98,490
21
583,477
587,479
590,479
593,480
595,481
597,483
599,484
603,488
601,490
600,492
599,493
597,496
595,498
593,498
589,496
587,492
587,488
586,487
585,485
584,481
583,480
21
489,534
489,522
488,522
488,510
489,509
490,507
491,507
493,509
494,511
495,515
496,517
496,519
498,522
499,524
500,530
500,533
499,533
498,534
495,534
494,535
493,534
24
457,516
465,521
465,522
470,529
471,530
471,531
469,532
465,532
464,533
461,535
459,535
457,534
456,534
454,532
454,531
452,529
452,528
451,527
452,525
452,523
453,522
454,519
455,517
456,516
25
524,501
523,501
519,499
516,496
516,494
515,492
515,491
514,489
511,485
510,485
510,483
511,483
511,482
514,478
515,477
515,476
517,477
520,479
522,481
525,487
525,494
526,495
526,496
525,497
525,499
24
279,558
280,558
285,562
286,562
286,563
287,564
286,565
286,567
285,569
285,575
284,575
282,576
276,576
274,575
272,575
271,574
270,574
268,572
267,569
268,569
268,567
269,567
273,565
278,560
22
242,271
238,271
231,273
229,273
227,272
225,272
224,273
223,273
219,269
217,265
217,263
218,262
220,261
221,261
225,260
229,260
232,261
234,261
236,262
238,264
241,269
242,270
19
45,344
47,343
48,342
52,342
55,341
64,341
64,342
63,344
62,345
61,348
59,352
56,356
51,361
49,362
47,360
47,357
48,351
47,349
47,348
27
673,174
670,179
668,184
667,185
665,186
664,186
661,187
660,187
658,188
656,188
654,189
650,189
650,188
652,184
653,181
654,180
657,174
658,173
658,171
659,171
659,170
660,170
661,171
663,172
664,173
666,173
667,174
21
755,204
752,210
750,211
740,210
739,210
738,211
734,211
733,210
731,205
731,201
733,201
735,200
736,199
744,199
746,200
749,200
752,201
753,202
754,202
754,203
755,203
20
666,361
668,361
671,364
676,367
678,369
679,369
681,370
683,372
687,375
687,377
686,377
685,378
682,380
680,381
674,379
670,377
668,377
666,376
665,376
665,372
21
521,285
517,287
516,288
514,288
514,289
513,289
509,291
497,291
496,290
494,289
496,285
497,282
498,280
502,280
504,279
515,280
516,280
517,281
518,281
520,283
520,284
19
375,492
377,494
379,495
381,497
382,497
383,498
384,498
386,500
389,501
390,501
391,502
391,515
390,515
390,516
386,514
385,514
382,512
374,504
374,493
23
277,59
277,56
276,54
276,51
277,50
278,48
278,47
279,45
279,43
281,39
283,38
289,38
293,39
294,39
294,40
295,42
296,43
296,44
288,52
286,53
284,55
280,57
278,59
23
536,191
534,185
533,183
529,179
530,178
532,177
536,177
537,176
539,176
543,175
548,175
550,174
554,174
553,175
553,178
552,179
552,180
551,182
548,185
547,185
547,186
546,187
539,191
16
749,216
749,228
746,231
742,234
740,234
738,235
737,235
736,233
735,230
735,216
736,215
737,215
740,214
746,214
747,215
748,215
24
679,142
678,143
677,143
676,144
673,146
672,147
671,149
669,151
667,152
666,154
660,160
659,160
657,156
658,154
660,148
666,136
668,134
670,134
670,135
671,135
672,137
674,139
677,139
679,141
21
650,175
649,177
648,181
646,186
644,189
643,191
642,192
641,192
640,193
638,192
635,189
634,186
633,184
631,179
631,177
634,174
635,174
639,172
643,172
644,173
646,173
19
487,149
486,142
486,133
488,132
490,132
491,133
495,135
496,136
497,136
497,137
498,137
500,139
501,139
503,142
504,144
504,149
501,152
500,152
490,150
21
505,483
494,481
493,481
491,480
491,479
490,479
490,472
491,470
491,468
492,467
491,466
492,465
492,464
495,464
496,466
499,467
501,469
509,473
510,474
510,477
509,479
23
115,386
115,388
114,390
114,392
113,393
113,399
110,402
103,404
101,406
93,410
91,410
91,409
92,407
92,405
93,403
93,402
94,401
96,400
102,394
107,388
107,387
108,387
108,386
20
341,147
339,151
337,152
334,156
333,157
330,161
325,167
325,168
322,168
322,156
323,153
323,150
322,149
322,148
323,146
323,145
326,144
333,144
336,145
337,145
23
619,104
620,103
620,102
626,96
630,94
634,94
636,95
638,99
639,103
639,105
640,107
642,109
643,109
643,112
642,112
636,113
635,113
632,110
629,108
627,107
624,107
621,106
619,106
17
286,471
284,472
283,472
282,471
280,470
276,466
273,460
271,458
273,455
279,449
281,449
287,452
288,454
289,455
289,456
287,464
287,469
20
651,172
648,170
646,169
636,169
634,170
633,171
631,172
630,172
630,167
631,164
635,160
637,160
638,159
647,159
649,158
652,158
653,159
655,160
656,161
658,165
21
485,533
484,534
482,535
476,533
474,527
473,526
473,524
472,523
473,521
473,513
474,513
475,512
478,511
482,509
483,508
484,508
485,509
485,514
484,518
484,521
485,524
26
240,176
239,175
235,169
235,167
234,166
231,160
230,156
229,154
228,151
225,143
225,139
227,139
231,142
234,144
235,145
236,145
238,147
239,149
239,156
240,158
239,161
239,165
240,168
240,172
241,174
241,176
25
543,83
544,84
544,86
545,86
547,88
549,92
548,94
548,95
547,97
547,98
544,98
542,97
526,97
525,96
524,96
524,95
523,95
523,94
524,89
526,87
530,87
533,86
535,85
538,84
540,83
13
351,225
349,220
349,216
348,211
349,208
356,203
359,201
361,200
363,198
364,198
364,216
362,218
352,224
20
431,168
431,167
437,161
439,158
448,148
449,147
451,148
452,150
457,155
456,155
455,157
453,159
452,161
448,165
446,166
445,167
442,169
440,170
434,170
432,169
21
249,220
250,219
250,220
251,221
253,225
257,230
258,233
259,234
261,235
263,237
263,238
268,243
274,251
276,253
273,253
259,246
257,244
254,243
250,239
250,237
249,235
19
95,234
93,237
90,239
88,241
86,242
85,243
75,243
71,241
70,241
69,240
69,239
72,234
72,233
73,232
74,232
76,231
85,228
88,228
89,229
19
319,201
325,201
326,202
326,203
325,212
325,218
324,221
324,223
323,224
322,227
318,233
317,234
312,234
314,226
314,222
315,220
315,217
318,207
319,203
22
426,518
430,518
434,517
436,516
438,516
439,517
443,522
447,526
447,527
448,529
449,533
447,534
445,536
443,540
442,539
434,530
433,528
431,526
429,525
429,524
428,523
428,522
21
558,253
559,253
560,254
562,258
562,261
561,264
561,265
560,267
560,269
559,269
558,270
557,270
554,271
549,271
535,270
535,269
536,267
537,267
546,261
551,257
554,255
22
427,172
431,173
433,174
435,174
437,175
440,175
441,176
440,179
440,181
439,183
435,185
433,185
431,186
428,187
427,188
416,192
413,192
413,189
416,186
418,183
423,178
425,174
20
309,66
310,67
310,71
312,75
312,87
311,87
311,89
309,89
305,93
303,93
302,94
300,94
300,89
296,81
296,80
298,77
299,77
300,76
301,73
305,69
22
662,289
665,288
677,288
684,289
693,290
703,290
703,291
704,293
703,294
702,296
700,297
684,297
683,298
681,298
680,299
679,298
678,298
674,296
673,296
671,294
670,294
664,291
20
581,487
578,492
576,494
574,495
573,492
570,489
567,485
562,480
567,473
571,466
572,465
573,467
574,470
576,473
577,477
578,478
579,480
579,481
580,482
581,484
22
665,430
661,429
651,428
649,427
647,427
644,425
642,424
641,424
639,423
637,421
637,420
640,414
641,413
644,413
646,414
659,419
660,419
662,420
665,421
666,421
666,425
665,427
26
756,337
759,334
760,332
761,332
763,331
764,331
765,330
769,330
771,331
776,333
777,333
777,340
776,342
775,342
774,345
773,346
770,348
767,349
765,349
763,350
762,350
759,347
759,343
758,342
758,340
757,339
25
113,323
113,319
116,311
117,308
117,305
119,303
119,302
120,301
121,302
122,302
124,303
125,303
130,305
132,305
137,306
138,306
140,307
141,307
141,309
140,309
134,312
132,314
129,316
128,316
118,321
24
336,376
337,376
341,382
347,392
349,395
351,397
351,398
352,400
353,401
353,402
350,403
349,404
345,404
343,403
338,401
336,399
335,399
333,397
333,387
334,385
334,382
335,381
335,379
336,377
24
188,260
187,263
187,264
186,265
185,267
185,269
184,269
183,271
183,272
178,272
170,271
165,270
164,269
165,268
167,265
167,264
168,262
170,255
171,254
171,253
174,253
180,255
184,257
185,257
23
367,286
382,286
383,287
383,288
384,289
386,293
386,295
387,296
388,299
389,301
389,303
388,305
388,308
387,309
386,308
385,306
384,306
382,305
381,304
377,301
373,299
367,295
366,293
27
547,488
548,486
550,486
554,485
555,484
557,484
559,485
560,486
564,489
565,490
569,495
570,496
572,500
572,511
568,511
568,510
566,508
565,506
560,501
558,498
554,494
552,493
551,492
550,492
550,491
549,490
548,490
24
445,508
443,509
440,510
436,512
434,512
427,513
426,514
424,514
423,513
423,512
422,512
422,509
421,507
420,504
420,489
422,489
426,493
429,497
432,500
438,504
439,504
440,505
444,507
445,507
16
617,265
628,265
631,264
638,265
640,265
640,274
639,275
638,277
611,277
611,276
613,273
615,271
615,270
616,269
616,268
617,267
21
573,282
575,281
576,282
579,282
589,284
593,284
596,285
598,286
598,290
596,296
594,297
591,298
590,298
589,297
580,297
578,296
577,295
575,294
574,292
574,291
573,289
26
480,67
483,64
483,62
484,61
486,56
487,54
488,53
490,52
495,53
497,55
497,64
496,68
494,72
493,75
492,76
492,78
491,80
489,80
486,77
484,74
483,74
482,73
482,72
481,71
481,69
480,68
23
742,314
753,314
756,315
757,316
758,316
759,317
762,322
764,326
759,328
758,329
757,329
755,331
751,331
749,330
746,329
744,328
739,326
738,325
738,324
739,320
739,319
740,318
740,317
20
621,386
621,382
620,380
620,373
619,367
619,365
620,364
621,362
623,362
629,366
636,373
636,374
637,375
637,377
636,379
635,380
635,382
629,388
628,388
627,387
23
363,269
363,274
362,276
362,282
363,283
363,285
362,286
362,288
361,290
360,290
357,289
356,288
352,285
349,284
346,282
342,280
340,278
340,277
341,276
345,271
346,270
348,270
350,269
26
335,545
337,543
340,542
342,541
344,541
345,542
347,545
350,549
353,552
358,556
359,557
360,559
360,560
354,560
353,561
348,563
347,564
345,565
344,566
342,563
340,559
338,557
337,555
336,552
336,550
335,548
27
311,374
311,373
312,370
312,367
313,365
313,352
316,346
318,344
319,344
321,346
321,347
323,351
323,353
325,357
326,360
327,365
328,365
326,369
325,370
323,370
322,371
321,371
320,372
319,372
318,373
317,373
316,374
17
217,283
216,289
216,291
215,292
215,306
209,306
204,307
202,307
202,306
201,300
201,295
200,292
200,287
202,285
204,285
207,284
209,283
25
277,149
278,149
280,150
283,151
289,151
290,152
293,153
294,153
296,154
298,156
298,159
291,166
288,168
287,168
285,170
282,171
281,172
280,172
279,171
279,169
278,167
278,166
277,164
277,159
276,150
23
256,207
258,207
262,209
263,210
274,219
275,219
281,223
283,225
285,228
285,230
287,232
289,238
289,245
287,243
283,240
280,238
277,235
275,232
272,229
271,227
269,225
265,219
257,209
33
290,173
291,174
295,179
295,180
296,181
296,183
297,183
297,185
298,186
298,191
297,194
296,195
295,195
294,196
292,197
289,199
288,199
287,200
285,200
284,199
284,197
283,194
283,190
282,188
281,187
281,186
282,183
282,181
281,180
281,178
280,178
281,177
281,176
26
686,167
688,164
691,162
695,161
698,160
699,160
700,159
703,159
704,160
705,160
706,162
707,163
707,165
708,166
707,170
707,175
701,181
699,182
697,182
695,180
694,177
692,175
690,172
688,170
688,169
687,169
29
303,193
303,191
302,191
302,185
301,183
301,181
299,177
297,175
295,172
294,170
295,168
297,167
298,166
300,165
302,166
303,167
304,169
304,170
305,170
305,171
306,171
308,173
314,176
315,178
316,179
316,181
314,191
314,192
313,193
22
207,391
205,383
205,379
204,378
204,377
202,375
203,373
204,373
205,372
208,370
213,366
215,364
217,364
218,365
219,367
221,374
222,377
223,378
223,382
222,383
222,384
219,385
20
819,272
817,276
817,278
815,282
815,286
812,287
806,287
803,286
800,283
794,274
793,272
794,271
796,270
805,270
807,269
810,268
811,267
812,267
813,268
815,268
21
289,78
285,76
277,76
277,75
276,75
276,68
277,66
277,64
279,63
280,63
288,57
290,57
291,58
293,59
295,61
298,66
299,67
299,70
298,71
296,75
293,78
22
310,551
315,544
316,542
320,538
322,537
323,537
326,535
327,535
328,538
329,540
330,541
330,547
331,549
331,550
330,551
325,558
324,559
323,559
322,560
315,560
314,559
314,558
28
282,218
281,218
280,219
280,218
279,218
277,216
276,214
274,212
272,211
271,210
269,209
264,204
264,198
265,189
265,186
267,186
268,185
272,185
273,186
274,188
275,191
277,196
278,201
278,203
279,206
280,208
281,211
282,217
24
461,158
464,160
466,162
466,165
467,168
467,175
466,176
466,177
465,178
464,178
463,179
448,182
447,183
445,183
445,182
444,181
444,180
445,174
447,172
449,171
451,169
452,167
458,161
459,159
27
602,450
606,450
607,451
617,453
620,453
624,454
625,455
628,457
630,459
630,461
629,462
623,462
621,463
616,464
615,464
615,465
612,467
611,468
610,468
606,466
604,466
603,465
601,465
599,463
599,459
600,458
600,456
24
736,292
736,294
735,294
731,301
731,302
730,302
726,304
724,304
720,305
717,306
715,306
714,307
712,306
706,301
706,300
705,300
705,299
708,294
710,291
711,290
714,290
716,291
726,291
733,292
20
529,241
531,240
535,239
543,239
548,238
550,238
555,243
555,244
552,247
550,248
548,248
547,249
539,253
536,255
531,258
528,259
528,258
527,252
527,245
528,244
34
363,50
361,49
358,47
346,41
346,40
345,39
345,37
346,35
346,34
347,32
350,29
350,27
351,27
351,26
352,26
352,25
353,25
354,26
356,26
357,27
360,27
362,25
365,25
366,26
367,26
368,27
367,28
367,32
366,33
366,35
365,38
365,40
364,45
364,47
20
184,282
184,284
183,284
174,290
172,291
170,293
164,297
161,298
159,297
156,295
153,292
153,290
155,287
158,280
160,278
162,278
165,279
172,280
178,280
179,281
21
426,530
427,531
428,531
431,534
441,545
441,548
440,551
437,554
434,556
430,556
428,555
425,554
423,554
422,553
422,552
421,550
420,549
420,542
421,540
421,538
424,532
21
207,399
211,395
213,394
220,390
222,390
223,389
225,390
228,393
229,397
230,402
230,404
228,406
226,407
223,407
220,408
219,409
215,410
213,411
210,412
208,412
207,410
18
477,386
483,391
485,393
485,394
487,397
488,399
488,401
487,403
481,406
473,406
473,405
469,401
469,400
467,398
461,391
460,390
460,387
470,387
27
738,310
737,312
736,316
735,318
735,319
733,324
733,325
732,325
731,326
730,326
729,327
727,327
725,326
723,326
713,321
712,320
710,316
711,314
712,313
713,313
715,311
716,311
717,310
721,310
729,308
732,306
733,306
21
345,488
346,485
347,484
350,475
352,473
353,471
353,470
354,469
357,468
360,468
363,469
365,469
366,470
366,471
368,484
368,486
367,487
367,488
366,488
363,489
346,489
17
659,377
654,379
652,379
643,372
641,370
641,363
642,362
642,361
641,359
641,358
642,357
644,356
659,359
661,360
661,374
660,375
660,376
25
271,159
270,157
264,150
258,144
258,141
257,138
256,136
256,127
257,126
257,124
258,124
260,122
265,122
267,123
268,123
268,124
269,124
269,126
270,127
270,128
269,130
269,131
270,132
270,142
271,145
21
331,298
330,298
322,300
319,301
315,301
314,299
314,296
313,292
312,289
312,287
307,275
307,273
308,273
309,274
310,274
313,276
315,277
330,286
332,288
332,291
331,293
25
304,575
302,574
301,573
299,572
298,570
297,569
295,566
290,561
290,559
291,554
292,552
293,548
295,548
298,549
302,550
305,552
309,558
310,560
310,561
311,562
311,566
312,568
311,569
311,570
307,572
28
98,424
98,426
96,428
93,430
92,431
83,434
82,434
80,433
77,434
75,434
74,433
72,433
71,432
70,432
70,423
71,421
74,418
76,417
77,416
78,416
79,417
80,417
82,416
89,417
90,417
91,419
93,421
97,423
27
424,526
423,527
421,528
420,529
420,531
419,532
416,538
416,543
414,545
410,543
408,543
406,542
404,540
400,538
399,537
400,537
400,536
402,532
404,530
405,528
405,527
406,526
406,525
408,523
410,522
418,516
420,516
22
540,331
540,333
539,334
539,336
538,338
535,341
531,341
530,340
526,340
522,339
517,339
516,338
515,338
515,336
514,333
513,332
511,326
518,319
520,321
524,324
532,328
535,329
30
98,460
99,464
100,466
100,468
103,472
103,475
104,476
106,477
106,478
104,480
100,482
98,484
94,484
92,480
92,479
90,477
85,473
84,472
83,472
81,471
77,467
77,466
78,465
80,464
89,461
90,461
91,460
93,460
95,459
97,459
20
416,512
408,519
407,520
405,521
403,521
401,520
399,518
398,518
397,516
396,515
396,503
397,501
398,500
400,499
402,497
404,497
406,496
407,497
409,498
416,505
22
245,237
236,235
230,233
222,229
220,227
219,225
218,224
218,222
217,219
217,212
218,211
219,212
221,213
224,214
228,216
230,218
234,220
237,222
243,225
244,226
244,230
245,233
29
316,307
317,307
317,306
321,306
322,305
323,305
324,304
328,304
330,303
333,303
343,308
344,309
345,309
345,311
343,313
343,315
342,316
341,318
340,319
337,319
335,320
333,320
332,321
330,322
327,322
325,323
323,322
319,314
317,309
24
385,35
388,38
389,40
389,50
388,59
388,61
387,62
386,62
386,61
384,61
382,60
371,60
369,61
368,57
367,55
367,53
368,52
368,48
370,46
374,45
375,44
377,43
380,42
381,40
26
227,117
231,119
232,121
234,122
237,124
247,134
248,136
249,136
253,142
253,144
243,144
242,143
241,143
239,141
230,136
228,136
225,133
225,131
224,128
224,127
223,126
224,125
224,122
225,119
226,118
226,117
24
338,141
338,139
339,137
340,133
341,128
342,126
342,117
344,115
350,114
355,114
358,115
360,116
361,116
361,118
360,121
360,122
359,124
358,125
355,129
354,131
350,135
344,143
344,144
343,144
24
606,193
614,196
615,196
616,197
618,197
623,202
623,203
619,207
617,208
614,211
610,213
608,213
603,211
599,209
596,208
590,205
589,204
590,204
590,203
591,202
594,201
597,199
599,197
601,196
22
320,96
319,94
317,88
317,82
318,80
317,79
317,75
320,72
323,68
324,67
326,67
328,68
332,72
335,73
336,74
337,76
337,78
336,80
333,85
330,88
326,96
325,97
30
53,260
53,259
54,258
56,253
58,251
58,246
59,244
61,243
64,242
66,243
67,243
68,244
70,245
72,247
74,247
74,248
75,248
77,252
80,255
82,259
82,262
81,263
79,263
77,264
74,264
73,263
70,263
67,262
64,262
59,261
23
618,216
626,208
629,206
632,205
640,200
647,197
649,196
650,196
651,197
651,204
650,206
648,212
647,213
647,214
642,217
641,217
640,218
634,218
631,217
629,218
627,218
621,217
620,217
30
619,359
616,362
615,362
614,361
612,361
610,360
609,360
608,359
602,359
597,358
593,357
592,356
590,355
590,353
588,348
587,347
587,345
586,343
586,341
585,339
585,336
586,336
592,339
595,341
599,343
602,345
610,350
614,352
614,353
616,355
20
499,510
497,508
495,505
493,500
493,498
492,496
491,491
490,489
490,485
491,483
494,484
500,487
501,488
507,488
511,492
514,500
514,502
511,505
503,509
502,510
21
712,402
710,405
704,407
701,407
699,406
692,402
690,400
690,399
689,397
688,396
687,391
684,384
691,379
693,380
699,386
701,389
705,393
706,395
709,397
710,399
711,400
26
194,258
200,256
206,256
207,255
210,256
212,258
212,263
213,265
213,267
214,269
216,270
216,271
218,273
217,273
216,274
204,274
203,275
194,275
192,274
191,274
189,273
188,272
188,271
189,268
190,267
190,265
28
687,403
686,403
685,404
683,404
682,405
679,405
677,404
673,404
673,403
665,395
664,393
662,391
660,390
658,388
657,386
655,384
656,382
661,380
663,381
669,383
673,384
674,385
679,385
681,389
682,390
682,393
686,401
686,402
30
125,453
125,457
124,458
124,459
123,461
123,462
122,463
122,465
119,473
119,474
118,475
117,475
112,476
110,476
108,475
103,465
103,462
102,460
102,457
103,455
103,452
104,451
106,450
107,451
109,452
112,452
114,453
115,453
117,454
120,454
35
229,113
230,111
230,110
231,108
231,102
230,98
230,96
231,95
233,95
234,96
235,96
236,97
237,97
239,98
242,101
245,107
246,107
246,109
248,111
250,115
251,120
251,123
252,124
252,133
253,133
253,135
252,134
250,131
249,129
246,126
244,125
243,123
238,120
236,119
235,117
24
282,262
278,264
276,264
273,265
270,265
257,268
254,269
252,269
249,270
247,270
245,269
243,265
243,264
241,262
240,260
242,258
244,257
247,256
251,254
255,253
261,253
263,254
264,255
268,256
23
110,352
108,351
108,350
107,348
108,345
108,339
107,336
108,335
108,334
111,331
114,330
119,327
120,326
122,326
123,325
125,324
128,324
128,342
126,346
126,347
125,347
120,348
118,348
33
246,332
245,331
243,330
241,328
241,327
240,326
238,325
237,323
236,322
236,320
237,319
238,317
240,316
242,314
242,313
246,309
249,305
254,301
254,300
255,300
259,302
260,303
263,303
264,304
264,305
263,307
260,311
258,314
257,316
252,324
251,326
250,327
249,329
28
701,156
694,157
693,157
692,158
690,158
688,160
682,164
681,165
680,165
677,168
673,170
667,170
665,169
663,167
663,165
668,158
674,150
676,148
678,147
681,146
684,149
686,150
688,150
689,151
693,152
697,154
698,154
700,155
28
84,383
85,381
85,379
86,377
86,374
87,373
89,369
90,366
91,364
93,361
94,360
95,360
101,355
102,355
103,354
105,353
106,354
106,369
105,370
105,374
104,377
104,381
102,382
101,382
100,383
96,382
93,382
89,383
22
496,84
496,82
498,77
502,64
502,56
501,55
502,54
502,53
504,53
506,55
512,55
514,54
516,54
517,60
519,62
520,64
521,68
520,70
516,74
514,75
513,76
508,78
30
456,37
457,36
459,36
460,37
461,37
462,38
465,40
470,45
478,45
480,44
482,44
484,46
485,48
486,49
485,49
485,50
483,52
481,56
480,59
480,60
477,63
475,63
469,60
468,59
460,53
458,51
458,50
457,49
457,46
456,43
22
185,238
177,236
166,236
162,232
163,228
163,223
164,221
165,218
166,217
166,216
168,217
169,217
181,220
182,220
190,224
191,225
191,226
190,227
188,231
187,232
186,234
186,236
22
658,126
660,127
664,128
665,129
666,129
666,131
661,136
657,144
656,147
654,149
654,151
652,153
651,153
650,154
643,154
641,152
640,150
641,141
641,138
652,127
653,127
654,126
25
142,500
140,501
139,503
137,504
136,506
122,506
120,504
120,503
118,499
118,498
116,496
116,494
117,493
118,491
120,485
121,483
123,481
124,482
127,484
128,485
130,485
133,486
136,488
140,492
140,493
20
113,406
114,405
117,404
131,404
134,405
136,406
138,408
144,413
144,415
142,417
141,417
140,418
135,418
125,420
123,420
122,421
121,421
119,422
111,422
111,417
28
224,531
225,537
226,542
226,544
227,546
228,549
228,553
229,555
228,556
228,557
226,558
225,558
224,559
223,559
221,560
219,562
217,563
214,564
208,564
207,563
207,553
208,552
208,551
209,550
216,539
217,537
217,536
218,535
29
524,83
523,81
522,80
522,75
524,73
526,70
528,68
533,62
535,60
536,58
538,56
539,56
546,60
547,61
548,63
548,67
547,69
547,72
546,73
544,76
544,77
542,78
541,79
538,80
536,81
533,81
532,82
530,82
529,83
30
455,54
456,55
457,57
458,58
460,59
465,63
469,65
472,66
474,67
475,68
475,69
473,71
472,71
466,73
465,73
463,74
462,74
455,77
451,77
448,74
442,71
438,70
437,70
436,69
442,63
444,62
445,62
446,61
446,60
448,58
34
331,140
329,139
328,139
326,140
323,140
323,139
322,139
322,138
323,136
323,123
322,121
322,107
320,101
321,101
321,100
322,101
323,101
325,103
326,103
326,104
336,113
337,114
337,116
338,119
338,122
337,124
337,129
336,131
336,133
335,134
334,137
334,139
333,139
333,140
26
364,438
360,438
356,436
355,434
352,431
350,430
348,426
348,421
347,413
347,412
348,411
348,410
350,409
354,406
355,405
356,405
357,406
358,406
364,414
365,417
366,418
367,420
367,426
366,430
365,435
364,436
33
255,119
254,118
254,117
253,115
253,112
252,109
250,106
246,98
245,97
245,96
246,95
246,94
248,92
250,92
251,91
259,91
261,93
263,96
265,100
267,102
269,105
270,106
270,107
269,110
269,111
270,112
270,115
269,117
269,119
268,119
264,117
262,118
260,118
25
386,373
407,373
409,372
412,372
412,373
415,381
418,386
418,388
419,391
419,394
418,394
418,395
413,395
412,394
411,394
410,393
407,393
405,392
404,391
398,388
395,386
393,383
390,381
389,378
388,376
18
304,131
302,129
301,127
301,100
303,98
304,98
306,97
311,92
313,92
313,94
314,98
316,108
316,111
317,116
317,123
316,124
314,125
312,125
23
65,408
66,401
68,395
69,394
74,392
76,390
79,389
79,388
80,388
85,387
101,387
97,391
96,393
95,393
95,394
90,399
89,401
88,401
79,408
76,410
75,410
73,409
70,409
31
91,435
92,436
94,437
95,439
100,444
100,446
99,448
97,454
97,455
96,455
92,456
90,456
87,457
80,460
78,461
77,462
76,462
76,456
75,455
73,454
73,453
72,451
72,446
73,446
73,445
74,444
76,443
77,442
80,440
84,438
85,437
28
525,223
526,221
528,220
529,219
530,217
531,217
533,216
536,213
537,213
538,212
539,213
541,213
542,214
548,214
551,217
551,223
552,224
551,228
550,229
550,231
548,233
546,234
543,234
534,235
528,235
526,230
526,227
525,224
31
553,89
551,87
549,84
547,80
550,74
552,72
552,67
553,65
553,60
556,60
558,61
560,61
561,62
567,64
568,65
570,66
571,66
572,67
573,69
573,70
572,70
571,72
569,74
568,76
568,78
567,81
565,85
565,86
564,87
564,88
561,88
30
399,67
404,61
404,60
407,54
408,50
408,48
410,44
411,43
412,41
413,40
417,38
422,36
425,36
426,37
428,38
424,46
424,47
423,49
423,51
422,52
422,53
420,56
419,58
410,70
408,73
408,74
407,75
405,75
403,73
400,68
29
452,51
449,52
447,54
444,56
442,58
438,61
437,62
436,62
427,53
427,50
429,48
432,41
432,39
434,37
436,37
438,35
439,35
439,34
441,33
446,33
448,34
449,35
450,35
450,36
451,38
451,44
452,48
453,48
453,49
32
195,227
199,228
204,228
208,229
211,231
213,231
215,232
218,235
212,242
211,244
211,247
210,248
210,249
209,250
207,251
200,252
199,252
198,251
197,251
196,250
194,249
193,248
192,246
192,244
191,241
190,239
190,238
191,235
192,233
192,231
194,229
194,228
27
376,152
372,158
370,162
368,164
366,164
364,163
359,161
355,158
351,156
350,156
349,155
348,155
346,154
345,153
345,152
348,149
350,146
350,145
353,143
356,139
357,138
359,138
361,139
364,140
368,142
368,143
374,149
32
620,421
621,420
622,421
624,421
627,423
630,424
631,424
633,426
639,428
641,429
644,432
645,432
645,433
647,435
655,445
655,446
651,451
650,452
647,452
642,449
638,447
638,446
637,446
633,442
632,442
629,439
627,438
626,436
625,435
625,434
624,432
621,423
25
190,164
191,165
191,172
190,176
190,177
189,180
187,184
184,185
176,189
175,188
173,187
166,182
165,181
165,180
164,179
165,177
165,175
166,173
168,171
168,170
169,168
171,166
173,166
174,165
177,164
30
736,303
737,302
737,299
739,297
739,296
740,294
740,292
742,292
746,291
753,291
757,292
766,292
767,293
770,293
770,296
768,300
766,303
765,303
765,305
763,307
760,309
759,310
754,310
750,309
745,309
744,308
742,307
741,307
739,306
738,304
26
324,410
324,411
325,414
325,416
324,424
323,427
323,429
322,432
322,441
320,443
319,443
314,444
312,444
311,445
306,445
305,444
305,439
306,430
306,428
308,421
309,419
309,418
310,417
312,417
316,415
322,411
35
377,550
376,550
375,551
372,551
371,552
369,552
367,553
360,553
360,552
356,548
354,547
352,544
351,542
349,539
348,538
348,534
351,534
352,533
353,533
356,531
359,530
360,530
362,528
362,527
364,527
366,525
367,528
368,529
370,533
371,536
374,539
375,541
376,542
376,543
377,545
28
414,298
411,292
408,289
406,286
403,284
402,283
402,279
403,277
403,275
404,274
404,273
405,272
414,272
415,273
425,273
425,274
426,274
427,278
427,283
428,287
429,289
429,291
427,292
421,294
420,295
420,296
418,296
417,297
33
156,533
154,532
151,529
148,529
147,528
146,528
145,527
143,526
141,522
140,519
141,516
140,514
140,508
142,506
144,505
146,505
147,506
149,507
156,507
157,508
158,508
159,507
162,510
163,512
163,514
162,518
162,521
163,525
163,528
161,529
160,531
159,532
158,532
33
216,257
216,256
215,256
215,252
214,251
214,248
216,246
218,242
222,238
224,237
226,238
228,238
231,239
239,242
246,245
248,246
249,246
252,248
252,249
249,250
247,251
245,253
243,254
240,256
236,258
234,258
231,257
227,256
222,256
220,257
219,257
218,258
217,258
22
282,272
274,288
273,289
269,297
267,299
263,299
260,298
258,298
257,297
255,296
255,295
254,293
254,286
252,280
252,278
254,276
258,276
260,275
265,275
271,273
278,273
279,272
27
319,256
320,255
322,254
332,248
335,248
336,247
338,246
339,245
342,243
344,242
347,240
349,240
353,242
354,242
358,245
358,246
363,251
363,253
362,256
362,258
361,258
361,259
336,259
333,258
326,258
324,257
321,256
30
399,527
397,531
396,534
395,535
395,536
394,536
394,537
392,538
386,542
383,542
380,539
376,533
373,528
372,527
371,525
370,524
369,520
370,516
372,510
374,511
375,511
377,513
377,514
378,515
379,515
385,519
389,521
392,523
396,525
397,525
25
316,171
313,170
311,170
306,165
304,161
302,156
301,153
301,143
302,141
302,140
303,137
304,135
307,134
309,133
310,133
311,132
313,131
314,130
317,130
317,159
316,162
316,164
317,167
317,170
316,170
24
661,222
661,223
662,224
662,227
663,233
663,235
661,239
653,239
650,238
643,237
639,235
635,235
629,232
627,230
626,228
625,227
624,225
622,224
621,223
621,222
631,222
635,223
654,223
656,222
28
316,469
314,469
313,470
298,470
295,471
291,471
290,470
290,468
291,464
292,461
292,457
293,456
294,454
295,453
300,452
306,450
308,449
310,449
315,448
320,448
321,449
321,450
320,454
320,455
319,457
318,460
317,466
316,468
27
256,553
257,550
257,548
258,546
258,543
257,541
257,538
256,534
265,534
267,533
269,533
270,534
272,534
273,535
275,536
278,542
278,546
277,547
277,555
275,556
274,558
267,564
263,564
262,563
262,561
260,559
259,557
22
370,462
370,459
369,456
369,437
371,431
372,429
373,429
375,430
382,437
384,440
388,444
388,445
390,449
391,452
391,455
390,457
387,460
385,461
382,462
379,462
376,463
371,463
27
344,218
345,227
345,230
344,231
337,234
324,241
323,242
321,240
321,236
322,235
323,235
323,234
326,231
326,230
327,229
329,218
330,216
330,207
331,204
331,203
332,202
334,202
337,203
340,205
342,207
343,209
344,210
31
514,384
511,387
510,389
504,395
503,397
501,398
498,399
496,399
494,398
493,398
492,397
492,396
491,395
487,389
486,388
485,386
484,385
483,383
484,381
486,378
488,373
490,371
493,371
501,375
503,375
504,376
510,380
512,380
513,381
513,382
514,382
28
150,208
159,212
162,215
161,216
161,219
160,222
159,226
159,231
158,231
158,232
157,232
154,233
149,234
148,234
146,233
143,232
141,231
138,230
136,228
136,222
135,221
135,214
137,212
139,212
140,211
141,211
145,209
148,209
36
102,199
103,198
108,196
112,192
112,191
114,187
115,186
118,186
120,187
127,192
131,194
134,197
137,197
138,198
144,201
147,204
143,205
142,206
140,206
139,207
137,207
135,208
134,209
132,210
129,211
128,211
126,210
124,208
118,206
114,204
110,204
109,203
104,202
104,201
103,201
103,200
33
504,159
503,161
503,162
502,165
501,167
501,168
499,172
498,172
497,173
488,173
486,174
483,174
481,175
478,175
476,176
472,176
471,174
470,165
470,164
471,164
471,162
473,162
473,161
475,161
476,160
482,155
483,155
485,154
488,154
492,155
495,155
497,156
501,156
31
89,269
89,271
88,272
82,280
75,288
68,295
64,297
61,297
59,295
58,295
57,294
57,292
58,289
58,288
57,286
57,285
56,284
56,283
55,281
54,280
54,279
55,278
56,278
57,277
60,277
66,274
67,273
69,272
73,268
82,268
87,269
28
454,449
456,447
458,447
459,446
465,446
466,445
467,445
469,444
475,440
479,438
481,438
481,439
482,442
486,452
487,455
487,458
485,464
480,464
478,463
475,462
474,461
470,460
464,459
457,459
456,458
455,458
455,457
454,455
26
305,533
303,528
303,526
302,524
303,522
303,520
304,517
305,511
306,509
309,506
312,505
314,504
316,504
319,507
323,515
325,517
326,519
326,530
325,531
323,532
320,533
319,534
317,534
315,535
312,535
311,534
38
112,265
111,266
108,266
107,265
94,265
92,264
89,264
88,263
87,263
87,262
86,261
86,259
85,258
85,256
83,254
81,251
81,250
80,249
80,247
85,247
89,245
92,243
94,242
96,239
98,237
100,237
103,238
104,238
106,240
106,241
107,244
106,248
107,250
107,256
108,258
108,259
109,260
110,260
29
531,524
523,526
522,527
519,528
517,529
513,530
510,531
509,531
505,530
504,529
504,528
503,527
503,526
502,521
501,519
501,518
500,516
500,515
501,514
502,514
506,512
512,508
517,504
523,504
525,506
529,514
529,517
530,518
531,522
29
481,131
481,137
482,138
482,139
481,140
481,141
483,145
483,148
482,149
479,151
473,157
471,158
467,158
466,157
455,145
453,144
453,142
454,142
457,139
457,138
459,137
460,135
463,133
464,132
466,131
474,131
475,130
476,130
477,131
28
666,221
667,221
679,219
683,219
685,218
687,218
690,219
692,219
695,221
697,221
697,222
698,222
698,224
695,230
694,231
689,237
687,239
685,240
684,240
682,242
674,242
668,240
667,240
667,237
668,235
667,232
667,230
668,228
32
617,110
623,111
629,113
632,115
634,116
634,117
635,117
635,131
636,135
636,136
633,138
627,144
623,146
621,146
621,144
622,143
622,141
621,139
621,138
620,135
619,133
616,129
615,128
611,126
611,123
613,121
613,117
614,116
615,114
615,112
616,111
616,110
26
340,488
338,487
329,485
327,484
325,484
324,482
323,481
322,479
322,473
323,470
324,464
325,460
326,459
326,455
327,454
327,453
328,453
330,455
332,456
335,459
341,462
346,466
347,466
348,467
348,469
341,486
34
190,338
185,346
184,348
182,350
180,351
177,357
175,360
174,361
173,361
171,360
169,360
165,358
160,355
160,354
159,353
160,352
162,346
162,345
163,344
163,343
164,342
165,339
165,337
166,335
166,334
167,334
170,333
171,332
175,332
180,331
182,331
184,332
187,332
190,335
29
185,376
183,372
180,369
178,366
178,363
182,358
183,356
185,353
191,345
193,343
196,343
198,345
199,345
202,348
204,349
206,351
208,352
211,355
212,355
212,357
211,358
210,358
207,361
204,363
200,366
198,367
196,369
190,372
187,375
31
510,416
509,418
508,419
507,421
504,423
498,429
496,430
493,430
492,431
487,431
485,429
484,427
482,422
480,419
478,417
477,415
476,414
476,411
479,411
481,410
484,410
488,408
491,407
497,404
498,403
499,404
501,404
503,406
505,407
506,410
507,412
28
464,264
465,261
465,260
467,257
469,253
469,252
471,249
471,246
473,244
475,241
478,238
482,238
484,239
486,239
488,241
489,241
489,244
491,248
491,253
492,256
492,260
491,264
491,267
480,267
477,266
474,266
470,265
464,265
24
176,433
182,436
185,437
187,439
186,441
185,442
184,447
182,453
182,465
181,467
178,467
172,469
171,469
169,470
168,470
167,469
165,468
165,466
164,463
164,447
165,447
165,446
166,444
175,434
30
615,449
614,448
613,448
612,447
607,447
606,446
605,446
602,445
600,443
599,441
599,428
600,425
601,418
602,417
602,416
603,415
604,416
605,416
614,419
615,419
616,420
616,421
617,426
618,428
620,434
621,435
621,436
622,445
623,447
621,449
36
50,365
55,363
56,362
59,362
61,363
62,363
65,366
67,367
68,367
69,368
70,368
72,370
74,371
76,371
79,372
80,372
82,373
82,374
81,382
78,385
76,385
74,386
73,387
55,394
55,393
56,392
57,388
57,387
55,380
54,378
53,374
52,373
52,368
51,368
51,367
50,366
23
302,507
302,509
301,511
301,512
299,518
299,524
298,528
298,530
299,532
297,535
295,537
293,540
291,541
287,539
284,538
281,535
277,533
276,531
275,530
283,514
285,507
289,506
301,507
30
443,302
437,296
435,292
435,291
434,289
434,288
433,287
433,284
432,281
432,278
431,276
431,274
432,273
437,273
440,274
444,274
450,275
454,275
456,276
456,279
457,280
457,288
458,290
458,293
459,297
455,298
452,299
448,301
447,301
445,302
33
101,203
103,204
104,205
113,208
117,210
120,211
121,212
122,212
123,213
123,215
122,215
118,219
115,224
109,233
108,234
106,234
103,233
101,232
98,231
96,229
94,228
92,226
91,224
91,222
92,218
92,214
93,213
94,211
98,207
98,205
99,205
99,204
100,203
22
594,461
586,461
580,460
577,460
575,459
574,456
572,452
571,446
570,443
568,439
568,435
575,435
578,436
585,436
588,437
594,437
594,438
595,442
596,443
597,445
597,453
595,459
25
206,517
205,515
204,511
204,500
206,498
212,494
221,487
223,485
226,484
227,483
228,484
229,486
229,503
228,504
227,507
227,508
226,511
226,513
225,515
224,516
221,517
219,517
217,516
215,516
212,517
27
517,78
518,81
518,82
519,83
519,84
520,86
520,87
519,89
519,95
518,95
517,97
517,98
509,106
505,106
504,105
502,105
498,106
495,107
484,107
484,106
486,104
487,100
491,93
494,89
494,88
498,88
499,87
25
577,381
584,383
589,385
591,387
595,388
597,390
599,391
600,393
599,396
595,402
594,405
587,405
586,404
580,404
578,403
573,402
567,401
565,400
562,399
560,398
559,398
559,396
561,396
566,391
568,390
38
716,270
716,271
711,276
711,277
710,278
710,279
709,279
708,280
708,281
707,281
706,282
703,281
699,281
697,280
692,280
687,279
677,279
672,278
665,277
669,275
672,272
675,271
677,270
681,269
683,268
684,267
686,266
688,266
689,265
691,264
694,262
703,262
705,263
706,264
708,264
709,265
712,267
713,267
30
492,279
492,281
490,286
490,287
489,288
490,290
489,291
489,292
487,294
485,297
481,301
477,303
476,303
475,302
474,302
473,301
471,300
468,299
465,297
463,295
463,291
462,290
462,277
463,276
466,276
471,277
478,277
482,278
488,278
490,279
30
578,137
578,135
583,120
583,119
584,118
584,116
587,113
591,108
594,105
596,105
597,104
600,104
601,105
602,105
604,107
606,108
608,108
610,109
611,109
612,110
610,114
609,118
607,122
606,123
606,124
605,124
603,126
600,128
597,129
581,137
31
679,247
679,254
678,255
678,259
677,260
676,262
674,262
673,263
670,265
665,267
664,268
662,269
661,270
657,273
655,274
650,277
645,277
644,276
644,272
646,268
647,264
651,258
655,255
662,246
662,245
663,245
664,244
665,244
670,245
672,246
676,246
24
567,282
568,290
569,293
570,295
570,296
567,299
558,304
554,306
554,307
552,306
551,304
547,301
541,295
537,289
533,285
531,284
531,283
530,282
530,281
531,280
532,280
541,281
562,281
565,282
28
460,404
457,406
449,409
446,411
444,413
443,413
440,415
439,416
437,417
436,418
434,419
433,420
432,419
425,414
423,411
420,410
417,408
414,405
414,400
419,399
433,399
437,397
443,397
452,394
453,395
454,395
454,396
456,398
30
345,371
353,370
363,370
365,369
370,368
373,367
376,365
377,364
378,364
379,365
380,368
381,370
382,374
383,376
384,377
384,379
388,384
387,385
386,385
376,387
374,388
363,388
361,389
358,389
356,388
354,386
351,379
349,376
347,374
346,372
30
624,233
622,237
619,241
616,244
610,249
609,249
607,250
602,250
600,249
599,248
598,248
596,246
595,246
590,243
589,242
585,240
584,239
584,238
587,235
589,234
592,233
594,232
597,230
599,228
600,228
607,224
609,223
612,222
614,222
616,223
29
421,327
417,327
415,326
411,323
406,320
404,319
398,315
399,313
401,312
403,310
406,309
407,308
408,308
409,307
412,305
416,303
419,302
421,300
423,299
426,297
432,295
434,297
439,305
434,310
430,316
429,316
428,317
427,319
423,323
24
109,327
106,330
104,330
97,332
95,333
89,333
85,334
77,335
77,331
78,325
78,324
79,322
79,319
80,316
80,314
81,314
82,313
88,311
90,310
100,309
106,309
107,310
108,310
109,312
25
506,401
515,390
516,388
519,385
521,385
525,387
530,390
538,395
540,397
540,400
539,401
538,403
536,406
535,407
532,411
528,415
515,415
514,414
513,414
513,412
512,411
512,410
511,409
511,407
507,403
39
565,513
564,514
562,515
560,515
558,516
555,517
551,519
547,519
543,515
540,513
538,512
533,510
531,509
530,508
529,505
528,504
528,500
529,498
529,496
530,494
530,493
529,492
529,491
528,488
528,485
529,484
530,485
531,485
535,487
538,488
539,489
540,489
548,496
554,501
557,504
558,506
560,508
561,508
562,509
28
303,420
303,423
302,427
302,431
301,438
301,444
300,446
298,448
296,449
295,449
293,450
291,450
285,446
284,444
283,443
283,442
282,437
282,435
281,426
279,418
279,417
281,413
282,413
283,412
287,412
300,418
301,419
302,419
23
156,357
157,357
162,361
166,363
167,363
171,364
172,364
173,365
177,373
180,377
181,379
172,388
169,388
166,387
165,387
164,386
156,381
155,381
154,379
153,379
152,378
141,373
142,371
29
644,380
645,381
645,382
647,383
651,387
654,391
666,403
672,412
670,415
669,416
668,416
662,415
659,414
657,413
655,413
654,412
644,407
642,407
640,405
640,404
639,403
635,394
635,392
634,390
635,389
636,386
640,382
640,381
641,380
40
569,172
569,174
567,182
567,185
568,186
568,192
569,194
569,195
568,197
567,198
564,200
559,205
556,209
555,210
553,210
552,211
551,210
549,210
547,209
544,209
540,208
538,208
538,206
539,204
539,195
541,194
542,193
543,193
547,191
548,190
551,189
552,187
554,186
555,184
556,183
557,181
558,178
558,173
559,173
561,172
35
425,358
426,359
427,359
427,360
429,362
429,363
431,365
433,368
435,370
439,375
442,379
444,381
447,386
449,388
449,389
450,390
449,391
448,391
447,392
445,392
435,393
427,394
423,394
423,390
422,388
421,384
421,382
419,378
416,374
416,373
415,372
416,371
416,368
420,364
423,360
27
155,278
147,290
146,291
140,298
139,300
137,300
136,301
133,301
130,300
128,300
127,299
125,299
123,298
122,297
122,296
121,294
121,284
122,284
121,283
121,274
122,274
122,273
123,273
125,274
142,274
144,275
149,275
26
44,319
45,318
47,315
50,312
62,306
65,303
65,302
66,302
67,301
71,305
75,311
77,313
76,314
75,318
75,319
73,327
73,335
72,336
70,337
66,337
64,336
57,329
53,326
51,326
50,325
44,325
33
616,385
614,386
611,387
607,389
606,389
605,390
604,390
599,386
598,385
596,384
590,380
584,378
582,377
581,377
580,376
580,374
582,370
585,369
587,367
589,364
590,361
593,361
597,362
606,363
608,364
612,364
614,365
616,365
615,367
615,378
617,382
617,384
616,384
23
515,315
508,322
508,323
505,323
487,320
484,319
482,319
481,318
481,313
480,311
480,308
484,305
490,297
493,294
501,295
504,295
505,296
506,296
506,298
508,302
508,304
509,305
510,307
20
678,361
685,361
686,360
687,360
689,361
694,361
699,360
712,360
716,361
721,363
724,366
724,375
722,381
721,383
719,383
714,382
712,382
702,380
696,377
689,370
29
421,236
429,232
432,231
442,227
444,227
446,226
448,226
449,227
457,231
459,231
459,235
457,237
457,239
455,243
454,246
454,247
453,248
451,249
449,251
447,252
445,252
444,253
441,253
435,251
428,249
423,244
423,243
422,240
422,237
30
562,406
564,406
568,407
571,407
574,408
580,409
587,411
588,412
594,412
598,414
598,416
594,430
594,431
593,432
593,433
592,433
589,432
579,431
575,430
573,430
572,429
566,429
566,428
565,426
565,422
564,419
562,415
562,411
561,409
561,407
31
140,236
139,238
138,239
136,240
134,243
131,247
131,248
130,250
130,257
131,262
133,264
133,265
134,266
134,267
120,267
120,266
119,266
117,264
115,261
113,259
111,252
110,249
110,238
111,238
111,237
113,234
115,232
118,232
123,233
133,233
138,235
28
148,411
145,409
139,404
137,403
133,400
132,399
132,390
133,388
133,383
134,380
134,379
136,378
137,377
140,377
146,380
153,384
157,386
159,388
160,388
161,389
163,390
167,393
167,394
162,398
155,405
151,408
150,410
149,410
38
286,206
287,205
288,205
290,203
292,202
295,201
296,199
302,197
310,197
310,198
311,199
311,202
310,205
310,206
307,217
307,219
306,220
306,222
305,223
305,226
304,227
303,230
303,233
301,239
298,245
297,245
297,244
296,243
296,241
295,239
295,238
294,236
291,227
290,223
288,220
287,216
287,213
286,208
36
599,408
599,405
601,402
602,399
604,396
606,394
607,394
608,393
611,391
614,391
618,390
626,392
629,393
631,395
635,403
635,406
636,407
636,412
635,414
634,417
633,418
631,419
629,418
628,418
628,417
626,417
622,415
621,414
616,414
612,412
609,411
607,410
606,410
604,409
603,409
601,408
38
609,254
610,253
612,252
613,251
616,249
617,248
619,247
622,244
623,242
625,240
626,238
627,237
630,237
633,238
635,238
638,239
640,240
643,241
644,241
650,243
655,243
656,244
657,244
657,245
656,246
656,247
652,251
645,259
644,260
643,260
641,261
636,260
619,260
617,258
615,258
614,257
613,257
610,255
23
348,335
346,327
344,323
344,320
346,318
351,310
352,308
355,305
357,304
360,304
362,305
364,307
366,308
375,314
375,315
376,315
376,317
372,326
371,328
369,330
368,335
367,336
361,336
31
369,66
371,65
372,65
374,64
376,64
377,65
378,65
380,64
383,64
386,67
386,68
385,70
384,78
384,83
383,84
383,88
382,90
382,91
381,96
380,97
380,99
379,100
379,101
375,105
371,110
368,113
366,114
366,112
365,99
365,87
366,84
32
691,187
692,187
694,188
696,188
697,187
699,186
704,186
705,187
717,196
723,202
724,205
723,207
720,210
716,215
715,216
714,218
714,219
707,219
704,220
698,217
696,217
695,216
692,215
692,214
696,206
696,204
697,202
697,199
695,195
695,193
694,191
692,189
36
96,433
99,431
100,430
106,427
116,427
118,426
121,426
126,425
128,424
134,424
136,425
136,427
137,429
136,432
136,434
130,443
128,445
126,448
124,449
121,449
119,450
118,450
117,449
113,449
112,448
111,448
108,447
104,443
102,440
101,439
99,438
98,437
98,436
97,436
97,435
96,434
42
360,394
361,393
367,393
371,392
375,392
378,391
380,391
382,390
385,390
387,389
390,389
393,390
395,391
398,394
399,394
400,395
403,395
404,396
405,398
408,398
410,400
410,402
407,405
400,405
398,406
396,406
392,407
391,407
389,408
388,408
387,409
384,410
376,413
375,414
374,414
373,413
372,411
369,407
365,403
361,397
361,396
360,395
28
201,518
196,521
193,523
189,525
186,526
185,526
180,530
178,531
176,531
174,530
169,528
168,528
166,526
166,522
168,512
168,510
169,509
170,509
174,507
179,505
181,504
184,503
186,502
199,502
199,505
200,507
200,516
201,517
38
360,87
360,94
359,96
359,99
360,100
360,102
361,105
361,111
360,112
356,111
353,110
350,110
344,111
343,112
341,112
340,111
338,110
333,105
330,101
329,100
329,99
330,98
330,97
331,95
332,94
334,90
336,88
337,86
338,85
339,83
340,82
341,82
342,81
344,81
346,82
349,82
350,83
352,83
26
200,497
195,498
188,498
187,497
187,485
188,480
190,474
191,474
192,473
207,473
208,472
213,472
226,470
227,470
228,471
228,475
227,476
226,478
223,481
221,482
217,485
213,487
208,492
207,492
205,493
204,494
29
352,237
356,233
359,231
362,228
365,227
369,225
374,221
376,219
379,217
381,216
384,214
392,211
392,210
394,210
394,222
395,225
395,227
394,230
392,231
390,233
384,237
376,241
375,242
373,242
369,244
362,244
361,243
359,242
358,241
44
588,104
583,109
583,110
582,111
582,112
579,112
579,113
578,113
578,114
576,116
574,116
568,120
565,121
563,121
562,118
561,116
560,115
560,112
558,110
556,107
556,106
555,104
554,103
551,101
551,98
552,95
553,94
554,94
555,93
558,93
560,92
564,92
569,91
572,90
576,89
579,89
582,88
583,89
584,89
584,92
583,93
583,95
582,97
584,101
41
213,170
215,171
219,175
220,177
223,180
229,190
234,197
239,205
242,207
244,210
246,212
246,216
245,220
244,221
243,221
240,218
236,216
230,212
227,211
225,210
224,209
223,209
221,207
219,207
218,206
216,205
215,204
213,200
211,197
211,195
212,194
211,193
211,192
212,191
212,190
211,189
211,182
212,178
213,177
213,176
212,175
27
573,194
572,189
572,181
571,180
572,179
572,178
573,177
573,172
574,172
587,168
592,167
594,167
594,168
595,168
596,172
598,174
598,175
601,184
601,189
600,191
599,192
592,197
588,199
584,200
583,200
579,199
577,198
31
149,354
150,354
150,355
149,355
149,356
143,363
135,371
133,372
131,374
123,378
122,378
119,380
117,380
114,381
109,381
109,378
110,373
110,367
112,361
112,358
115,355
117,354
120,353
121,352
123,352
125,351
127,351
130,352
133,352
135,353
145,353
32
555,320
553,322
549,324
547,324
545,325
536,325
534,324
531,322
523,316
522,315
520,314
519,313
514,306
513,304
512,303
510,297
510,296
512,295
513,294
515,293
523,290
525,290
527,291
528,293
530,294
531,296
533,299
537,304
539,308
541,310
544,311
548,315
31
273,181
267,181
265,182
263,182
261,183
259,183
258,182
252,180
251,180
250,179
246,179
245,178
244,176
244,175
243,168
243,156
244,153
244,152
245,150
246,149
248,148
254,148
255,149
257,149
258,150
270,167
271,168
271,170
272,173
272,175
273,177
45
627,200
622,195
620,194
619,194
618,193
617,193
615,191
613,191
611,190
607,189
606,189
606,188
605,186
605,184
604,182
602,174
600,168
599,167
599,166
600,165
602,165
603,164
607,164
609,163
617,162
621,162
624,161
627,161
627,162
625,168
625,171
626,172
626,177
627,179
627,182
629,187
630,189
630,190
633,193
633,194
634,195
634,196
632,198
631,198
630,199
37
503,110
504,111
507,112
510,114
515,117
517,119
517,121
518,123
518,124
517,126
517,128
515,131
514,132
512,133
509,135
507,136
503,136
503,135
498,132
495,129
484,126
483,126
481,127
473,127
472,126
471,126
470,125
475,118
476,116
478,115
478,114
480,112
481,112
482,111
486,112
492,111
501,111
23
454,353
456,354
457,354
465,358
479,364
482,365
484,367
484,370
482,376
482,377
480,379
480,380
479,381
477,381
465,382
459,382
453,379
452,376
444,368
443,366
443,365
448,361
450,359
37
189,553
187,551
181,547
179,545
178,543
179,542
179,539
180,537
180,536
181,535
181,534
182,534
184,533
185,532
187,531
190,530
194,527
197,525
202,522
204,521
208,521
218,520
221,520
222,521
223,521
222,525
221,526
215,533
214,534
213,536
212,536
212,537
205,546
204,547
202,547
200,548
198,548
33
558,310
560,308
562,307
563,307
568,304
571,302
573,302
575,301
584,301
592,302
594,302
598,304
599,304
599,305
601,307
601,308
603,312
603,314
602,316
601,319
600,319
600,320
596,322
595,323
587,327
583,327
581,326
574,322
571,321
569,319
560,313
559,312
559,311
32
543,365
555,366
558,366
561,367
563,368
568,368
570,369
573,370
575,371
575,372
574,373
574,376
573,378
567,384
565,385
562,388
555,393
554,394
552,394
551,393
545,390
543,390
541,388
538,386
536,384
534,384
534,383
533,382
533,380
534,378
537,374
538,372
33
431,74
437,75
441,75
444,76
445,78
447,80
448,82
448,90
449,93
448,96
448,100
447,102
446,103
445,103
439,105
433,106
430,106
428,104
425,102
424,101
423,99
421,96
420,94
418,91
416,87
416,85
417,83
422,78
425,76
426,76
427,75
428,75
430,74
36
787,267
787,269
785,269
782,272
781,272
781,273
779,276
774,281
774,283
773,284
773,285
772,286
766,286
764,285
761,285
760,284
743,284
742,283
742,282
741,280
742,279
742,276
743,275
746,273
752,267
754,266
757,264
760,261
765,261
769,262
771,262
780,260
782,259
785,260
787,261
788,262
40
783,331
779,329
777,329
776,328
772,327
771,326
770,326
768,324
767,322
765,319
763,317
761,314
761,313
762,313
764,311
766,310
767,308
771,304
772,301
775,295
775,294
778,294
779,293
780,294
782,298
786,302
788,303
794,309
797,311
799,312
800,313
801,315
801,316
799,318
796,318
795,319
794,321
792,327
791,327
789,329
32
290,345
293,345
296,346
298,347
303,347
305,348
306,348
308,350
308,363
306,372
306,373
305,375
304,376
303,378
299,382
296,383
294,384
287,387
286,387
283,384
283,383
282,380
282,379
283,378
283,368
284,367
284,363
285,361
286,357
288,353
288,349
289,346
39
247,407
249,408
252,408
255,410
257,410
259,411
264,413
270,416
271,416
271,417
275,421
276,424
277,428
269,436
266,438
264,441
261,443
259,443
258,444
256,443
255,443
253,441
252,441
250,438
248,437
247,436
246,436
243,434
243,433
242,432
243,431
243,429
244,426
244,424
245,422
245,414
246,413
246,411
247,409
27
235,509
237,512
240,515
250,530
251,534
252,539
252,549
251,551
250,552
249,554
247,556
244,557
244,558
237,558
235,557
234,557
233,556
233,555
232,555
232,548
230,542
228,529
228,525
229,524
230,520
230,516
234,509
30
432,156
430,159
429,160
428,162
424,166
421,170
416,176
415,176
415,177
414,177
412,175
411,173
410,172
409,172
409,170
406,165
403,161
402,158
398,152
398,151
400,146
402,143
403,141
403,140
405,139
406,138
412,138
414,137
419,137
421,139
39
247,345
248,353
248,354
247,355
247,364
246,366
246,368
245,369
245,371
243,379
243,384
242,386
241,389
240,390
239,400
239,401
238,402
237,402
237,403
233,399
233,396
232,392
228,388
227,386
227,378
226,375
225,368
224,367
224,366
223,363
222,362
222,361
224,359
230,356
231,355
239,350
241,349
243,347
246,345
24
330,428
332,428
336,430
339,431
343,432
348,435
349,437
355,441
357,442
363,444
363,450
364,453
364,457
365,461
365,463
364,464
356,464
354,463
351,463
337,456
330,448
328,446
329,443
329,438
29
724,331
726,331
727,332
730,333
731,333
735,336
738,337
741,339
743,339
749,344
752,346
755,349
755,350
756,351
756,352
753,362
752,364
731,364
729,362
726,361
723,359
720,358
718,358
717,357
717,356
718,354
719,354
719,352
724,342
34
194,436
194,435
199,428
201,425
207,419
209,418
211,416
214,415
215,414
217,414
221,412
229,409
231,409
233,408
237,408
237,409
238,410
237,410
236,414
236,419
235,423
234,428
234,433
233,434
232,434
229,436
227,436
225,437
223,437
220,438
197,438
197,437
196,437
195,436
38
84,368
80,368
77,367
75,367
72,366
70,364
67,363
66,361
64,360
61,358
61,357
62,356
62,355
64,353
65,351
67,348
68,346
68,345
69,342
70,341
72,341
75,340
78,340
87,339
90,338
96,338
101,337
103,337
104,339
104,345
103,348
102,350
100,351
98,353
93,356
91,358
90,358
90,359
38
160,270
157,270
153,269
145,269
143,268
139,268
139,267
138,267
137,265
136,264
136,262
135,260
135,258
134,255
134,250
136,246
140,242
143,240
144,239
146,238
152,236
160,236
161,237
161,238
162,239
162,240
163,241
164,244
164,245
166,247
166,249
167,252
167,253
166,256
164,259
164,261
162,263
162,265
37
179,192
187,188
191,188
193,189
197,192
198,193
202,195
203,196
205,197
207,197
208,198
209,198
209,199
210,200
211,202
211,208
212,209
212,212
213,214
213,221
214,222
214,223
213,224
213,225
212,225
199,222
196,221
189,218
185,215
183,213
183,212
182,211
181,205
179,200
179,196
178,195
178,194
41
170,401
170,407
171,410
171,423
172,427
173,429
173,430
172,430
172,431
169,433
167,436
164,439
162,443
161,444
161,445
160,447
159,448
157,449
155,451
151,451
149,450
148,449
147,449
146,447
144,445
144,444
142,440
142,438
144,432
146,428
147,424
147,423
150,420
151,418
153,416
155,415
156,413
163,406
166,404
167,403
169,402
36
361,82
358,81
356,81
355,80
354,80
353,79
352,79
346,77
343,77
342,76
341,74
340,73
340,72
336,69
330,64
330,63
328,61
328,60
329,58
331,56
331,55
332,54
333,50
338,45
340,44
343,44
347,46
352,48
358,54
360,55
363,57
363,61
364,64
363,70
363,73
362,80
31
373,470
374,469
375,469
384,466
386,465
387,464
389,463
395,459
396,459
397,461
399,463
402,467
406,471
407,473
407,474
406,476
406,478
405,482
403,489
402,491
399,494
397,495
395,497
393,497
389,495
384,493
382,491
379,489
374,485
374,478
373,476
29
507,189
508,183
508,182
509,181
510,181
512,180
515,180
522,179
524,179
525,180
529,186
530,189
531,191
533,193
534,196
534,204
533,206
532,209
531,210
527,215
525,216
522,219
519,220
515,220
512,218
511,217
509,214
508,212
508,206
35
508,140
516,136
517,136
519,133
521,133
523,134
526,135
529,137
533,139
535,141
535,144
534,145
534,148
532,166
532,167
531,169
529,170
520,172
519,172
517,171
516,172
513,172
505,173
504,172
504,171
505,171
505,170
506,169
506,167
507,163
508,160
508,152
509,151
509,145
508,144
33
732,236
730,238
729,238
726,240
724,242
722,243
719,244
716,246
713,247
710,249
707,250
696,256
695,257
692,257
689,258
685,259
684,259
684,248
694,238
699,231
701,229
702,227
702,225
704,225
709,224
712,223
715,223
718,224
720,226
721,226
725,228
729,231
730,232
23
221,282
228,282
241,280
247,279
248,280
248,281
251,295
251,297
250,297
247,300
246,302
242,307
235,316
233,318
231,318
226,314
222,310
221,310
218,307
218,300
220,293
220,286
221,285
35
688,312
694,314
699,317
701,318
708,322
711,325
713,326
718,331
719,331
720,335
720,337
719,339
719,343
717,346
716,349
715,351
713,353
713,354
712,355
708,355
707,354
705,353
704,352
702,351
699,348
695,346
693,344
691,341
689,339
687,333
687,330
686,327
686,319
687,315
688,313
45
140,193
140,189
139,186
139,183
138,181
137,178
137,172
138,171
146,171
148,172
149,173
149,174
150,174
156,180
158,181
159,182
161,183
162,183
167,188
171,190
172,191
174,192
174,193
176,199
176,203
177,205
179,212
179,214
178,214
175,213
171,212
170,211
169,211
163,208
160,207
159,206
155,204
154,203
151,201
149,200
147,198
145,198
144,197
144,196
142,194
36
687,189
691,193
692,195
693,198
693,204
692,206
691,207
689,211
688,212
686,213
685,214
680,214
672,215
670,216
667,216
663,217
653,217
650,218
650,217
652,215
652,214
653,212
653,211
656,205
656,199
655,196
656,194
657,193
658,193
660,192
663,192
664,191
666,191
667,190
670,190
676,189
43
162,469
161,470
161,471
160,471
159,472
156,473
154,475
150,478
148,480
144,482
143,484
142,484
141,485
138,485
136,483
126,478
125,476
125,471
126,468
128,463
130,459
130,456
131,454
131,453
132,451
134,449
136,445
137,444
138,444
141,447
143,450
144,451
145,453
149,455
150,455
155,454
158,453
159,454
159,456
160,463
160,464
161,466
161,467
34
472,215
471,217
467,226
467,227
466,228
460,228
459,227
457,226
454,224
452,223
449,220
447,219
443,215
443,214
441,212
436,198
436,195
437,195
438,194
439,194
445,192
454,190
456,190
459,192
460,192
461,193
461,194
466,198
467,199
469,202
470,203
470,204
471,205
472,207
29
332,342
334,341
336,341
347,340
365,340
369,342
369,343
371,345
372,347
375,350
377,356
377,359
376,360
372,363
370,364
368,364
364,366
357,366
355,365
353,366
345,366
342,365
341,365
340,364
340,363
339,359
334,349
334,347
332,345
31
642,350
643,347
643,334
644,333
649,332
651,331
653,331
657,330
660,329
663,329
668,328
670,327
679,327
681,328
682,330
683,335
684,339
685,340
687,344
687,345
686,346
672,354
671,355
667,354
661,354
659,353
654,353
652,352
650,352
648,351
646,351
32
242,441
244,441
246,442
247,443
249,444
264,458
270,464
271,467
275,473
277,474
277,476
276,478
275,478
271,481
271,482
263,482
259,481
253,479
251,479
248,476
247,476
247,475
246,474
242,472
241,470
240,469
238,465
238,455
240,448
241,444
241,443
242,442
28
495,362
504,357
505,356
506,356
506,355
508,353
509,351
511,349
511,347
512,346
514,342
515,342
521,343
523,344
534,345
537,345
537,346
539,356
539,362
537,365
537,366
534,369
528,378
525,378
516,373
513,372
499,364
498,364
28
167,328
167,327
166,326
166,304
168,302
170,301
176,296
178,295
187,289
189,288
194,286
196,286
196,288
197,290
197,293
196,295
197,301
198,305
197,307
197,309
196,311
193,316
193,317
191,318
188,325
187,327
175,327
172,328
34
153,349
143,349
139,348
136,348
135,347
134,347
132,345
132,339
133,337
132,337
132,336
133,334
133,333
132,333
132,321
133,320
133,319
134,319
139,316
140,315
145,312
147,311
151,310
154,309
157,307
158,307
158,309
160,313
160,317
161,321
161,326
160,331
160,333
158,337
33
657,294
664,296
665,297
676,303
683,308
684,308
684,311
683,313
683,315
682,318
682,321
681,322
678,322
672,323
669,323
667,324
660,324
659,325
647,327
645,328
641,328
641,327
640,326
637,321
637,319
636,318
640,314
645,311
648,308
654,301
656,297
656,296
657,295
29
632,320
634,324
637,327
637,329
638,331
638,341
639,345
639,346
637,348
626,348
623,347
620,347
619,346
617,345
616,345
614,344
603,337
593,332
591,330
592,329
598,327
600,325
602,324
604,322
605,320
608,317
615,319
620,319
624,320
40
606,129
609,130
610,130
611,131
612,131
612,132
615,135
616,138
617,140
617,145
616,146
616,149
614,151
609,154
607,154
606,155
605,155
603,156
602,157
600,158
599,159
594,160
587,162
585,163
581,164
572,164
572,163
575,152
576,149
576,147
577,145
577,143
578,142
579,142
588,138
589,137
593,135
594,134
596,133
597,133
41
380,148
377,146
374,143
373,141
371,139
365,136
360,134
360,133
361,132
365,125
369,120
369,119
372,117
373,115
378,110
380,110
382,111
383,112
384,112
387,115
390,117
392,119
393,121
394,122
395,125
395,126
396,128
397,129
397,130
398,133
399,134
399,136
400,138
398,142
397,145
396,147
394,149
392,150
387,150
383,149
381,149
32
467,118
465,115
465,114
463,112
463,111
456,104
454,104
453,103
453,83
454,82
456,81
457,80
458,80
466,77
469,76
476,74
477,73
480,76
480,77
481,78
482,78
488,84
488,85
489,85
489,86
488,87
486,92
484,95
482,97
479,103
476,107
472,113
42
289,340
288,339
287,337
287,336
286,330
286,329
285,326
285,324
284,322
283,317
282,316
283,314
284,313
285,311
287,309
290,304
291,304
291,303
293,303
302,302
303,302
304,303
304,305
306,308
306,311
307,314
309,318
309,320
311,323
311,324
312,327
314,331
314,333
315,334
316,336
316,339
312,344
310,346
308,345
307,345
306,344
304,344
29
315,498
312,500
309,501
307,501
303,502
291,502
288,501
286,501
284,500
283,499
282,497
281,497
279,495
276,493
274,490
272,486
272,485
273,485
275,483
276,483
282,477
285,476
292,476
303,474
313,474
314,475
316,475
316,481
315,494
32
182,498
180,500
178,500
170,504
168,504
165,505
163,505
161,504
156,503
153,502
149,502
148,501
147,501
146,500
145,498
143,491
144,489
148,485
158,478
161,476
165,474
166,473
172,473
176,472
179,471
185,471
185,473
186,474
185,475
184,478
183,485
182,487
40
530,426
532,424
532,422
533,419
533,417
535,413
536,413
537,411
541,407
542,405
543,404
543,403
544,402
546,401
550,401
552,402
553,403
553,404
554,405
554,409
555,411
556,415
557,417
557,422
559,429
559,431
560,433
559,434
559,436
557,440
556,441
552,443
551,444
549,445
548,445
546,446
536,446
533,444
531,442
530,439
42
704,258
707,255
708,255
710,254
715,252
721,249
731,243
734,241
735,240
736,240
737,239
743,238
744,238
745,239
749,241
752,243
754,244
755,245
755,246
756,252
756,258
755,260
749,264
747,265
743,268
742,269
734,269
732,268
723,268
722,267
721,267
718,265
717,264
715,264
715,263
714,263
712,262
711,261
709,260
708,260
706,259
705,259
33
433,432
434,429
435,425
437,422
440,420
445,417
449,414
451,413
454,412
456,410
459,410
460,409
462,408
463,408
464,409
465,411
471,419
474,425
476,428
477,428
477,433
476,434
474,435
469,439
465,441
463,441
462,442
459,442
458,443
454,445
453,445
450,444
446,442
33
571,200
577,203
583,205
586,208
594,214
596,214
602,217
602,218
600,219
599,219
598,220
597,220
594,223
592,223
591,224
589,225
586,226
583,228
579,230
576,233
572,235
569,237
567,238
562,240
560,240
555,235
555,232
556,220
556,215
561,210
561,208
562,208
562,207
34
325,399
325,405
324,406
323,406
317,409
316,409
314,411
312,412
308,415
303,415
302,414
293,409
292,408
290,407
288,407
287,406
287,397
288,394
288,393
290,391
293,390
295,390
296,389
310,381
312,380
313,380
314,379
315,379
321,376
326,376
327,377
327,378
326,382
326,392
30
248,401
248,400
250,391
251,389
251,387
252,384
253,382
254,378
254,371
255,369
256,368
266,373
269,375
274,380
277,382
278,383
279,385
281,387
283,391
283,392
282,397
282,408
279,411
275,413
274,414
273,414
272,413
264,409
261,407
258,406
43
430,110
438,109
441,109
447,107
447,106
449,106
450,107
453,108
454,109
456,110
458,112
461,117
462,118
462,122
460,126
457,129
456,131
454,132
451,134
448,137
446,140
445,141
445,142
444,143
438,150
436,151
435,152
435,150
434,150
434,149
431,146
431,145
427,141
423,135
423,134
425,129
427,126
427,124
428,123
428,122
429,121
429,117
430,114
45
612,263
611,265
611,266
610,268
610,269
608,273
606,274
604,276
602,276
598,275
593,275
591,274
588,273
584,273
583,272
582,272
581,271
565,271
564,270
564,268
565,265
565,264
566,262
566,256
564,251
564,250
566,248
569,247
572,245
574,244
576,244
578,243
580,243
584,245
587,246
589,247
594,250
596,252
601,255
602,256
605,258
606,259
608,259
609,260
611,261
36
417,236
418,239
419,241
419,243
420,245
420,249
419,251
419,253
418,256
418,260
417,262
412,262
407,261
403,261
396,260
391,260
385,259
367,259
367,258
366,256
366,255
367,253
367,252
368,251
370,250
373,248
375,248
378,245
384,242
387,240
389,238
390,238
395,234
403,234
405,235
408,235
31
399,208
401,206
407,204
412,201
428,197
430,197
430,198
432,200
432,201
434,205
434,207
439,217
444,222
444,223
442,223
440,224
436,224
433,225
431,226
428,228
426,229
423,230
421,230
418,231
407,231
405,230
402,229
400,228
399,227
399,226
398,217
35
496,269
497,266
497,258
496,255
496,252
494,247
493,242
493,240
494,239
498,236
505,229
506,227
507,226
509,222
510,222
511,223
512,223
516,225
519,225
521,226
522,229
523,231
523,234
524,236
524,239
522,247
522,252
523,259
523,263
522,264
520,265
518,267
514,269
513,270
505,270
37
521,127
522,123
522,121
521,120
521,118
520,117
519,115
517,114
513,110
512,110
511,109
519,101
521,100
524,100
527,101
535,101
536,102
546,102
549,104
550,105
551,107
552,107
553,108
554,110
556,112
556,115
557,117
558,118
558,124
557,124
540,136
536,136
533,134
530,133
526,131
525,130
524,130
33
192,440
194,441
202,441
204,442
222,442
224,441
227,440
232,440
233,441
233,446
231,450
231,460
230,461
230,463
229,464
227,465
224,466
221,466
218,467
216,468
211,468
209,469
199,469
197,468
190,468
188,466
188,465
187,458
187,454
188,452
189,449
190,445
190,444
36
652,291
652,295
651,297
648,300
647,302
642,307
638,310
636,312
635,312
632,313
632,314
630,314
628,315
624,315
617,314
614,313
612,313
607,311
606,310
606,307
604,303
601,301
600,300
600,295
602,289
605,286
606,286
613,287
624,287
625,288
626,288
631,287
643,287
647,288
648,289
649,289
38
490,359
489,357
487,356
483,355
479,353
478,352
476,351
474,351
471,349
461,345
460,345
459,344
462,341
466,338
469,335
469,334
477,324
478,323
481,323
486,324
491,324
499,326
506,327
507,328
509,333
509,337
510,339
510,340
509,341
509,342
508,345
507,347
500,354
498,355
497,356
496,356
495,357
493,358
38
577,120
576,123
576,124
574,128
573,131
573,135
572,142
571,147
570,151
569,153
568,157
567,159
565,162
565,164
563,166
562,166
556,167
549,167
548,168
547,168
546,169
537,169
537,160
538,147
539,142
541,141
543,139
545,138
546,138
547,137
551,134
556,130
560,128
563,126
566,125
568,124
570,124
573,121
37
189,434
186,433
184,433
182,432
180,430
178,427
176,425
176,423
175,421
175,416
174,412
174,403
175,400
175,397
176,395
177,394
179,393
193,379
195,378
198,378
201,381
201,385
202,387
203,390
203,396
202,399
202,403
203,405
202,407
202,415
201,416
196,422
196,423
195,424
193,428
190,431
190,432
37
278,376
276,376
270,371
266,367
259,362
258,362
257,361
257,360
258,357
258,354
257,349
257,340
260,331
266,322
267,322
267,320
270,314
270,313
273,313
276,315
280,321
281,324
282,332
284,340
284,342
285,344
285,346
284,347
283,350
282,355
282,357
281,359
280,362
280,364
279,367
279,371
278,375
34
375,419
378,417
380,417
386,414
389,412
395,410
399,410
403,409
408,410
412,411
414,411
417,414
419,414
421,415
424,417
428,421
430,424
430,427
429,431
428,433
426,435
424,436
421,437
419,438
413,439
410,439
406,440
403,439
392,439
389,436
384,432
383,430
377,423
376,422
46
521,472
520,472
515,469
509,466
506,463
505,463
504,462
502,461
498,458
497,458
495,456
495,455
494,454
493,450
492,448
492,447
491,446
491,445
490,443
490,441
489,439
489,437
491,437
494,436
496,436
498,435
500,435
501,434
508,428
509,427
512,421
513,421
514,420
515,420
518,419
526,419
526,420
528,420
527,424
526,425
526,429
525,435
525,448
524,452
523,455
522,461
36
569,461
567,465
561,473
559,476
558,477
556,478
555,479
543,484
540,484
539,483
529,478
527,476
526,472
526,470
528,458
528,454
529,451
529,450
530,449
535,449
536,450
546,450
548,449
551,448
553,447
554,447
557,445
559,444
561,442
563,441
564,442
564,444
565,445
566,448
566,450
568,454
39
426,329
427,328
431,323
433,321
437,314
442,309
444,308
448,305
457,303
459,302
460,302
461,301
465,301
466,302
468,303
470,303
472,304
475,307
475,308
476,310
476,319
475,321
473,322
472,324
469,327
466,331
465,332
463,333
458,338
457,340
450,340
450,339
439,336
437,334
435,334
434,333
431,332
430,332
427,330
33
70,299
71,298
79,291
81,288
85,283
87,281
89,278
93,274
94,271
95,271
96,270
98,270
102,271
115,271
116,272
117,274
117,297
116,298
115,300
112,305
111,306
110,306
109,307
106,307
105,306
102,306
102,305
96,306
91,306
89,307
86,307
82,309
80,309
44
506,219
504,223
501,226
501,228
499,229
498,230
497,230
492,235
491,235
490,236
486,236
480,233
479,233
478,232
474,232
472,230
473,229
473,222
475,219
476,216
476,210
475,208
475,204
476,204
476,203
478,202
479,202
483,197
485,195
486,193
486,191
488,186
489,183
489,182
494,182
495,181
503,181
503,182
502,186
503,188
503,210
504,212
505,217
505,218
39
418,133
411,133
410,134
405,134
403,132
402,129
401,128
399,124
398,121
396,118
394,116
392,113
390,112
388,110
384,107
383,105
383,104
394,93
397,91
403,85
404,83
405,83
408,86
409,86
409,87
411,88
413,90
414,93
417,98
421,104
426,109
426,112
425,118
423,122
423,125
422,127
422,128
420,130
419,132
39
394,444
406,444
408,443
409,444
411,444
414,443
417,443
419,442
422,441
425,441
426,440
429,439
431,438
433,438
435,439
439,442
441,443
443,445
444,445
445,446
447,447
450,453
450,458
449,460
447,463
446,465
446,466
442,467
441,468
439,468
431,469
427,470
422,471
413,471
406,464
404,461
401,458
397,452
395,447
43
323,487
326,489
327,490
331,491
334,491
338,492
344,494
353,494
358,495
367,495
368,496
368,501
367,507
366,509
366,511
364,519
364,521
363,522
360,524
358,525
355,527
353,529
352,529
351,530
346,530
345,529
344,529
342,527
339,525
337,523
335,520
334,519
334,518
333,518
332,516
325,508
323,505
322,502
322,499
321,495
321,492
322,490
322,488
43
240,336
239,337
238,339
236,340
235,341
229,345
222,351
218,353
216,353
214,352
210,348
208,348
208,347
202,343
201,342
197,339
196,338
195,338
195,336
193,332
191,331
191,329
192,327
192,325
193,323
197,319
197,317
200,313
202,311
203,311
207,310
213,310
215,311
216,311
218,312
220,315
224,317
226,319
227,321
229,322
229,323
233,326
234,327
48
579,367
576,366
575,366
571,365
560,362
555,362
554,361
551,361
549,360
548,360
546,358
546,356
545,355
544,353
544,351
542,341
542,340
543,338
543,335
545,333
546,330
547,329
548,329
548,328
549,328
559,323
560,323
561,324
563,324
565,327
567,327
573,331
576,332
578,333
579,333
579,335
580,336
580,339
581,341
582,348
583,351
583,353
585,358
585,360
584,362
584,363
581,366
580,366
42
296,150
292,148
287,147
281,145
277,145
276,144
276,141
275,135
275,133
274,131
274,126
275,125
275,123
274,113
274,110
275,106
275,81
277,81
281,80
282,80
287,82
291,84
293,86
294,88
295,91
296,93
296,99
297,101
297,108
296,110
296,117
297,119
296,121
296,122
298,128
299,133
299,136
298,137
298,144
297,148
297,149
296,149
49
366,170
365,177
365,185
364,188
364,191
362,193
360,194
359,196
357,197
356,198
353,200
351,201
350,201
349,203
348,203
348,204
344,204
343,203
343,202
341,202
339,201
337,199
335,199
331,197
328,197
326,196
322,196
321,195
320,195
320,190
322,187
323,183
323,181
324,180
327,175
328,173
332,169
334,166
338,161
341,158
343,158
345,159
346,159
349,160
353,162
355,164
356,164
357,165
359,165
42
236,473
240,475
242,477
244,478
246,480
249,482
251,484
256,485
257,486
262,486
264,487
267,488
268,489
268,490
269,491
269,492
270,492
274,497
280,503
280,504
281,505
281,508
280,510
280,512
277,518
272,525
271,528
259,528
256,527
253,525
250,522
246,517
245,515
243,513
240,507
238,501
237,499
237,496
236,494
235,483
235,475
236,474
41
412,368
396,368
394,369
389,369
388,368
386,369
385,369
385,368
384,368
380,356
380,353
378,347
376,344
375,342
375,341
372,338
372,335
378,323
378,322
381,318
382,318
383,319
390,324
396,327
397,327
400,330
404,332
408,336
410,337
411,338
412,340
417,345
419,350
422,353
422,354
419,357
418,359
417,360
416,362
415,363
413,366
34
381,154
393,154
396,157
401,165
403,167
405,170
406,172
408,178
409,180
407,186
395,198
394,198
393,199
392,199
390,200
389,201
386,203
378,207
377,207
376,208
374,209
370,212
369,212
369,207
368,200
369,188
369,182
370,176
370,171
372,165
374,163
376,160
377,158
377,157
60
418,476
419,476
420,475
422,475
431,474
432,474
433,473
436,473
438,472
441,472
445,470
447,470
448,469
449,469
449,468
453,464
455,464
458,463
460,463
462,464
463,464
467,465
482,469
484,470
484,477
485,479
485,484
486,498
486,501
485,501
483,503
482,503
479,506
476,507
474,508
473,509
463,509
461,508
460,509
458,509
456,507
454,507
453,506
452,506
452,505
451,505
450,503
449,502
448,502
441,499
437,497
436,496
436,495
432,493
430,489
426,485
425,483
423,482
422,481
420,480
26
613,156
614,156
617,154
623,151
626,149
628,148
634,143
635,144
636,146
635,148
635,152
634,154
632,155
628,155
626,156
621,156
619,157
618,157
616,156
615,156
614,157
613,157
612,158
610,158
611,157
612,157
114
44,363
47,366
48,368
49,371
49,375
51,377
51,378
52,380
52,384
53,385
53,390
50,396
50,405
49,407
48,408
47,410
47,413
48,415
50,421
52,425
52,426
53,429
53,438
54,439
60,442
66,442
67,443
68,443
69,444
69,454
70,454
70,455
71,455
72,456
72,460
73,461
73,465
74,466
75,469
75,470
76,471
77,471
79,473
82,474
84,476
87,478
89,482
90,483
93,488
94,490
97,493
97,495
98,497
98,503
101,508
103,512
106,515
110,517
114,518
115,518
117,520
121,520
122,521
123,521
124,522
127,524
129,525
140,525
141,526
143,527
145,529
147,530
150,531
151,531
159,539
161,540
171,544
172,545
174,546
180,550
182,552
185,554
187,555
188,556
188,557
192,561
194,562
198,563
199,564
200,564
202,565
203,565
204,566
211,566
213,567
216,566
218,566
221,564
223,563
224,562
227,560
233,560
237,561
254,566
258,566
259,567
260,567
261,568
263,569
265,571
265,573
267,575
269,576
44,576
218
309,576
312,573
315,573
319,574
326,574
327,573
336,573
340,574
341,573
343,573
346,570
349,566
350,566
354,564
357,563
358,563
363,564
376,564
382,566
390,566
396,564
399,562
402,559
410,559
414,558
428,558
431,559
434,559
436,558
439,556
441,555
443,551
444,548
445,546
447,541
449,537
451,536
452,536
456,538
458,538
461,537
465,536
466,536
469,535
472,535
473,536
476,537
478,538
480,538
483,537
485,537
488,536
489,536
490,537
497,537
500,536
504,534
505,533
515,533
517,532
518,531
520,531
523,529
524,528
526,527
531,527
533,526
540,525
542,525
544,524
545,523
546,523
547,522
550,522
552,521
568,515
569,515
571,514
577,514
578,513
581,511
586,508
586,507
587,507
588,504
589,503
595,500
598,499
600,497
601,495
602,494
603,494
608,489
612,484
613,483
613,481
614,478
614,472
615,471
616,469
620,467
622,467
624,466
629,466
632,465
634,465
637,464
638,464
641,463
642,463
644,462
645,462
647,460
649,459
652,456
654,452
655,451
659,448
660,447
661,447
664,446
667,440
668,439
668,438
672,436
673,436
675,435
678,435
688,430
689,429
689,428
690,427
690,426
691,424
691,423
695,421
696,420
697,418
698,417
698,416
700,412
701,412
706,411
707,410
712,407
714,405
716,402
717,401
719,398
721,398
725,397
727,396
729,394
729,389
734,384
736,383
737,382
742,380
744,379
746,379
748,378
751,377
753,376
754,375
755,375
756,374
756,373
757,373
757,371
758,370
757,369
756,367
756,365
757,363
757,360
759,355
760,354
760,353
763,353
766,352
768,352
772,350
774,350
776,348
777,346
779,343
781,339
783,336
786,334
788,333
791,332
792,331
793,331
796,328
796,325
797,323
799,321
801,321
803,319
804,317
805,314
812,314
814,313
815,313
816,312
820,310
824,306
826,305
829,304
834,303
838,302
844,300
845,300
848,299
849,298
855,298
857,297
857,576
240
857,292
856,291
855,291
851,288
843,284
841,282
839,282
838,281
836,281
835,280
833,279
825,271
821,269
815,264
814,264
814,263
813,262
813,261
812,260
812,259
810,256
808,254
805,253
803,252
798,252
797,251
795,250
794,249
794,248
793,246
790,243
790,242
787,242
783,240
782,240
782,239
781,239
779,237
778,235
777,234
777,233
776,226
772,222
771,220
770,219
766,209
765,207
764,206
763,204
761,203
760,203
760,202
758,201
755,199
751,197
741,195
740,196
739,195
736,195
736,193
735,192
735,191
734,191
733,190
731,189
730,188
728,188
724,186
723,185
722,181
721,179
720,178
719,176
719,175
718,175
717,174
713,174
712,173
711,173
712,171
712,167
710,162
710,161
708,159
705,155
701,153
699,151
696,150
694,149
692,149
687,146
686,146
685,145
681,139
680,139
680,138
679,137
677,137
676,136
674,135
673,133
672,132
671,130
669,128
667,127
665,125
663,125
662,124
661,124
659,123
658,123
656,122
655,121
654,119
653,118
653,116
652,114
651,113
649,110
649,109
648,109
646,107
645,107
643,105
643,103
642,102
642,99
641,96
639,93
636,92
632,90
627,90
625,91
624,92
623,92
622,91
618,89
616,89
614,90
611,91
609,92
606,94
603,97
597,100
596,100
594,101
593,100
589,98
588,98
587,96
587,94
588,93
588,89
586,87
586,83
587,82
588,80
589,79
589,76
588,74
588,72
585,69
579,65
578,65
572,62
571,61
568,61
567,60
565,59
562,59
560,57
559,57
557,56
545,56
544,55
537,51
536,50
534,49
533,49
532,48
529,48
525,46
524,47
521,48
517,49
513,51
506,51
505,50
503,49
501,49
499,50
496,50
495,49
493,49
491,48
488,45
487,43
486,42
485,42
483,40
481,40
479,41
472,41
470,39
467,37
465,35
462,33
458,33
453,32
452,32
450,31
443,29
440,29
439,30
433,33
433,34
430,34
426,32
423,32
420,33
418,34
412,36
412,37
409,39
406,42
404,42
400,41
398,41
396,40
395,39
394,39
385,30
384,30
383,29
380,28
378,28
376,27
375,26
373,25
857,25
19
331,25
331,33
332,36
331,38
331,41
329,47
328,51
325,57
324,60
323,62
317,68
317,69
316,69
315,68
315,62
314,54
313,50
313,27
314,25
224
310,25
308,27
300,27
298,28
291,35
290,35
289,34
284,34
278,37
276,41
276,42
275,45
274,47
273,48
271,49
267,48
265,48
263,49
262,49
260,50
258,50
256,51
255,51
253,52
253,53
251,54
247,58
245,61
243,65
241,67
241,68
240,71
240,73
238,74
237,75
235,76
234,78
234,79
233,80
233,89
232,89
227,94
227,98
228,101
228,110
227,110
222,117
222,118
221,119
221,125
220,127
220,129
221,132
221,138
222,142
222,145
224,151
224,152
225,154
225,156
226,157
227,160
227,162
228,163
228,164
229,165
235,176
237,179
238,182
240,185
241,188
245,196
246,197
247,199
247,200
248,201
253,209
256,215
260,220
261,221
261,222
266,227
266,228
269,231
271,234
277,240
278,242
279,242
279,243
283,245
286,248
288,251
292,255
291,257
290,258
288,258
286,257
279,250
278,250
278,248
275,245
267,236
261,230
260,228
258,225
257,223
256,220
255,219
254,217
253,216
252,214
249,211
247,207
245,205
241,200
236,193
229,185
228,182
225,176
221,172
218,168
213,165
210,164
208,163
204,163
203,162
198,159
192,159
188,161
180,161
178,162
173,163
171,163
170,164
169,164
167,163
164,163
160,162
152,164
150,165
148,167
144,167
142,168
140,168
137,169
135,169
134,170
130,170
126,172
125,172
124,173
120,175
119,177
117,180
117,181
116,181
116,182
115,183
113,183
112,184
109,185
108,186
108,191
106,193
104,194
102,194
100,195
97,199
96,199
96,203
95,205
95,206
91,208
91,209
90,210
90,211
89,214
89,217
88,219
88,221
86,223
80,226
76,227
73,228
70,230
68,232
67,235
66,236
65,236
63,238
59,240
58,241
55,243
55,244
54,245
54,247
55,249
49,258
49,261
51,267
51,269
53,273
53,275
52,276
51,278
51,280
52,283
52,284
53,286
54,286
54,296
55,297
56,297
60,299
61,300
61,302
59,304
58,304
57,305
56,305
52,306
50,307
44,313
44,25
