Points:
 0. (-65,-32.113,-118.5)
 1. (-30.113,-67,-102.5)
 2. (-30.113,-67,-118.5)
 3. (-65,-32.113,-102.5)
 4. (30.113,-67,-102.5)
 5. (65,-32.113,-118.5)
 6. (30.113,-67,-118.5)
 7. (65,-32.113,-102.5)
 8. (14.931,65,-118.5)
 9. (46.5,89.5,-102.5)
 10. (14.931,89.5,-118.5)
 11. (32.113,65,-109.792)
 12. (46.5,50.613,-102.5)
 13. (32.113,65,-109.792)
 14. (14.931,65,-118.5)
 15. (32.113,65,-118.5)
 16. (46.5,50.613,-102.5)
 17. (65,32.113,-118.5)
 18. (65,32.113,-102.5)
 19. (32.113,65,-118.5)
 20. (32.113,65,-109.792)
 21. (-53.694,-31,-153)
 22. (-61.058,10.766,-153)
 23. (-61.058,-10.766,-153)
 24. (-53.694,31,-153)
 25. (-39.853,-47.495,-153)
 26. (-39.853,47.495,-153)
 27. (-21.205,-58.261,-153)
 28. (-21.205,58.261,-153)
 29. (0,-62,-153)
 30. (0,62,-153)
 31. (21.205,-58.261,-153)
 32. (21.205,58.261,-153)
 33. (39.853,-47.495,-153)
 34. (39.853,47.495,-153)
 35. (53.694,-31,-153)
 36. (53.694,31,-153)
 37. (61.058,-10.766,-153)
 38. (61.058,10.766,-153)
 39. (-71,-67,-102.5)
 40. (70.656,-67,-69.017)
 41. (70.656,-67,-102.5)
 42. (-71,-67,-68.072)
 43. (84.572,-67,-30.782)
 44. (-84.572,-67,-30.782)
 45. (89.87,-67,-4.831)
 46. (-89.87,-67,-4.831)
 47. (87.385,-67,21.538)
 48. (-87.385,-67,21.538)
 49. (77.331,-67,46.042)
 50. (-77.331,-67,46.042)
 51. (60.58,-67,66.558)
 52. (-60.58,-67,66.558)
 53. (38.582,-67,81.31)
 54. (-38.582,-67,81.31)
 55. (13.243,-67,89.02)
 56. (-13.243,-67,89.02)
 57. (-21.205,-58.261,-153)
 58. (0,-62,-118.5)
 59. (0,-62,-153)
 60. (-21.205,-58.261,-118.5)
 61. (-39.853,-47.495,-153)
 62. (-39.853,-47.495,-118.5)
 63. (-53.694,-31,-153)
 64. (-53.694,-31,-118.5)
 65. (-61.058,-10.766,-153)
 66. (-61.058,-10.766,-118.5)
 67. (-61.058,10.766,-153)
 68. (-61.058,10.766,-118.5)
 69. (-53.694,31,-153)
 70. (-53.694,31,-118.5)
 71. (-39.853,47.495,-153)
 72. (-39.853,47.495,-118.5)
 73. (-21.205,58.261,-118.5)
 74. (-21.205,58.261,-153)
 75. (0,62,-118.5)
 76. (0,62,-153)
 77. (21.205,58.261,-118.5)
 78. (21.205,58.261,-153)
 79. (39.853,47.495,-118.5)
 80. (39.853,47.495,-153)
 81. (53.694,31,-118.5)
 82. (53.694,31,-153)
 83. (61.058,10.766,-153)
 84. (61.058,10.766,-118.5)
 85. (61.058,-10.766,-153)
 86. (61.058,-10.766,-118.5)
 87. (53.694,-31,-153)
 88. (53.694,-31,-118.5)
 89. (39.853,-47.495,-153)
 90. (39.853,-47.495,-118.5)
 91. (21.205,-58.261,-153)
 92. (21.205,-58.261,-118.5)
 93. (-32.113,65,-109.792)
 94. (-46.5,89.5,-102.5)
 95. (-46.5,50.613,-102.5)
 96. (-14.931,89.5,-118.5)
 97. (-14.931,65,-118.5)
 98. (-32.113,65,-109.792)
 99. (-32.113,65,-118.5)
 100. (-14.931,65,-118.5)
 101. (-32.113,65,-109.792)
 102. (-65,32.113,-118.5)
 103. (-32.113,65,-118.5)
 104. (-65,32.113,-102.5)
 105. (-46.5,50.613,-102.5)
 106. (70.656,44.5,-82)
 107. (-71,44.5,-102.5)
 108. (70.656,44.5,-102.5)
 109. (-71,44.5,-82)
 110. (-46.5,44.5,-82)
 111. (46.5,44.5,31.273)
 112. (46.5,44.5,-82)
 113. (-46.5,44.5,31.273)
 114. (12.5,44.5,50.903)
 115. (-12.5,44.5,50.903)
 116. (46.5,89.5,-102.5)
 117. (-14.931,89.5,-118.5)
 118. (14.931,89.5,-118.5)
 119. (-46.5,89.5,-102.5)
 120. (46.5,89.5,31.273)
 121. (-46.5,89.5,31.273)
 122. (12.5,89.5,50.903)
 123. (-12.5,89.5,50.903)
 124. (-46.5,44.5,-102.5)
 125. (-46.5,89.5,31.273)
 126. (-46.5,44.5,31.273)
 127. (-46.5,89.5,-102.5)
 128. (46.5,89.5,31.273)
 129. (46.5,44.5,-102.5)
 130. (46.5,44.5,31.273)
 131. (46.5,89.5,-102.5)
 132. (-65,32.113,-118.5)
 133. (-65,-32.113,-102.5)
 134. (-65,-32.113,-118.5)
 135. (-65,32.113,-102.5)
 136. (65,32.113,-102.5)
 137. (65,-32.113,-118.5)
 138. (65,-32.113,-102.5)
 139. (65,32.113,-118.5)
 140. (70.656,-50,-69.017)
 141. (-71,-50,-82)
 142. (70.656,-50,-82)
 143. (-71,-50,-68.072)
 144. (84.572,-50,-30.782)
 145. (-84.572,-50,-30.782)
 146. (89.87,-50,-4.831)
 147. (-89.87,-50,-4.831)
 148. (87.385,-50,21.538)
 149. (-87.385,-50,21.538)
 150. (77.331,-50,46.042)
 151. (-77.331,-50,46.042)
 152. (60.58,-50,66.558)
 153. (-60.58,-50,66.558)
 154. (38.582,-50,81.31)
 155. (-38.582,-50,81.31)
 156. (13.243,-50,89.02)
 157. (-13.243,-50,89.02)
 158. (89.87,-50,-4.831)
 159. (84.572,-67,-30.782)
 160. (89.87,-67,-4.831)
 161. (84.572,-66.5,-30.782)
 162. (84.572,-50.5,-30.782)
 163. (84.572,-50,-30.782)
 164. (87.385,-50,21.538)
 165. (87.385,-67,21.538)
 166. (77.331,-50,46.042)
 167. (77.331,-67,46.042)
 168. (60.58,-50,66.558)
 169. (60.58,-67,66.558)
 170. (38.582,-67,81.31)
 171. (38.582,-50,81.31)
 172. (13.243,-67,89.02)
 173. (13.243,-50,89.02)
 174. (-13.243,-67,89.02)
 175. (-13.243,-50,89.02)
 176. (-38.582,-67,81.31)
 177. (-38.582,-50,81.31)
 178. (-60.58,-67,66.558)
 179. (-60.58,-50,66.558)
 180. (-77.331,-67,46.042)
 181. (-77.331,-50,46.042)
 182. (-87.385,-50,21.538)
 183. (-87.385,-67,21.538)
 184. (-89.87,-50,-4.831)
 185. (-89.87,-67,-4.831)
 186. (-84.572,-66.5,-30.782)
 187. (-84.572,-67,-30.782)
 188. (-84.572,-50.5,-30.782)
 189. (-84.572,-50,-30.782)
 190. (70.656,-50,-69.017)
 191. (70.656,-67,-102.5)
 192. (70.656,-67,-69.017)
 193. (70.656,-50,-82)
 194. (70.656,44.5,-102.5)
 195. (70.656,44.5,-82)
 196. (70.656,44.5,-82)
 197. (-71,-50,-82)
 198. (-71,44.5,-82)
 199. (70.656,-50,-82)
 200. (70.656,-67,-102.5)
 201. (-71,44.5,-102.5)
 202. (-71,-67,-102.5)
 203. (70.656,44.5,-102.5)
 204. (-12.5,89.5,50.903)
 205. (-46.5,44.5,31.273)
 206. (-46.5,89.5,31.273)
 207. (-12.5,44.5,50.903)
 208. (12.5,89.5,50.903)
 209. (-12.5,44.5,50.903)
 210. (-12.5,89.5,50.903)
 211. (12.5,44.5,50.903)
 212. (46.5,89.5,31.273)
 213. (12.5,44.5,50.903)
 214. (12.5,89.5,50.903)
 215. (46.5,44.5,31.273)
 216. (-71,-50,-68.072)
 217. (-71,-67,-68.072)
 218. (-71,-50,-82)
 219. (-71,-67,-102.5)
 220. (-71,44.5,-102.5)
 221. (-71,44.5,-82)
 222. (-71,-50,-68.072)
 223. (-71,-67,-68.072)
 224. (70.656,-67,-69.017)
 225. (70.656,-50,-69.017)
 226. (-30.113,-67,-118.5)
 227. (30.113,-67,-102.5)
 228. (30.113,-67,-118.5)
 229. (-30.113,-67,-102.5)
 230. (-65,-32.113,-118.5)
 231. (-32.113,65,-118.5)
 232. (-65,32.113,-118.5)
 233. (-30.113,-67,-118.5)
 234. (-14.931,65,-118.5)
 235. (30.113,-67,-118.5)
 236. (-14.931,89.5,-118.5)
 237. (14.931,65,-118.5)
 238. (32.113,65,-118.5)
 239. (65,-32.113,-118.5)
 240. (65,32.113,-118.5)
 241. (14.931,89.5,-118.5)
Triangles:
 0. [0,1,2]
 1. [1,0,3]
 2. [4,5,6]
 3. [5,4,7]
 4. [8,9,10]
 5. [9,8,11]
 6. [9,11,12]
 7. [13,14,15]
 8. [16,17,18]
 9. [17,16,19]
 10. [19,16,20]
 11. [21,22,23]
 12. [22,21,24]
 13. [24,21,25]
 14. [24,25,26]
 15. [26,25,27]
 16. [26,27,28]
 17. [28,27,29]
 18. [28,29,30]
 19. [30,29,31]
 20. [30,31,32]
 21. [32,31,33]
 22. [32,33,34]
 23. [34,33,35]
 24. [34,35,36]
 25. [36,35,37]
 26. [36,37,38]
 27. [39,40,41]
 28. [40,39,42]
 29. [40,42,43]
 30. [43,42,44]
 31. [43,44,45]
 32. [45,44,46]
 33. [45,46,47]
 34. [47,46,48]
 35. [47,48,49]
 36. [49,48,50]
 37. [49,50,51]
 38. [51,50,52]
 39. [51,52,53]
 40. [53,52,54]
 41. [53,54,55]
 42. [55,54,56]
 43. [57,58,59]
 44. [58,57,60]
 45. [61,60,57]
 46. [60,61,62]
 47. [63,62,61]
 48. [62,63,64]
 49. [65,64,63]
 50. [64,65,66]
 51. [67,66,65]
 52. [66,67,68]
 53. [69,68,67]
 54. [68,69,70]
 55. [71,70,69]
 56. [70,71,72]
 57. [73,71,74]
 58. [71,73,72]
 59. [75,74,76]
 60. [74,75,73]
 61. [77,76,78]
 62. [76,77,75]
 63. [79,78,80]
 64. [78,79,77]
 65. [81,80,82]
 66. [80,81,79]
 67. [81,83,84]
 68. [83,81,82]
 69. [84,85,86]
 70. [85,84,83]
 71. [86,87,88]
 72. [87,86,85]
 73. [88,89,90]
 74. [89,88,87]
 75. [91,90,89]
 76. [90,91,92]
 77. [59,92,91]
 78. [92,59,58]
 79. [93,94,95]
 80. [94,93,96]
 81. [96,93,97]
 82. [98,99,100]
 83. [101,102,103]
 84. [102,101,104]
 85. [104,101,105]
 86. [106,107,108]
 87. [107,106,109]
 88. [110,111,112]
 89. [111,110,113]
 90. [111,113,114]
 91. [114,113,115]
 92. [116,117,118]
 93. [117,116,119]
 94. [119,116,120]
 95. [119,120,121]
 96. [121,120,122]
 97. [121,122,123]
 98. [124,125,126]
 99. [125,124,127]
 100. [128,129,130]
 101. [129,128,131]
 102. [132,133,134]
 103. [133,132,135]
 104. [136,137,138]
 105. [137,136,139]
 106. [140,141,142]
 107. [141,140,143]
 108. [143,140,144]
 109. [143,144,145]
 110. [145,144,146]
 111. [145,146,147]
 112. [147,146,148]
 113. [147,148,149]
 114. [149,148,150]
 115. [149,150,151]
 116. [151,150,152]
 117. [151,152,153]
 118. [153,152,154]
 119. [153,154,155]
 120. [155,154,156]
 121. [155,156,157]
 122. [158,159,160]
 123. [159,158,161]
 124. [161,158,162]
 125. [162,158,163]
 126. [164,160,165]
 127. [160,164,158]
 128. [166,165,167]
 129. [165,166,164]
 130. [168,167,169]
 131. [167,168,166]
 132. [168,170,171]
 133. [170,168,169]
 134. [171,172,173]
 135. [172,171,170]
 136. [173,174,175]
 137. [174,173,172]
 138. [175,176,177]
 139. [176,175,174]
 140. [177,178,179]
 141. [178,177,176]
 142. [179,180,181]
 143. [180,179,178]
 144. [182,180,183]
 145. [180,182,181]
 146. [184,183,185]
 147. [183,184,182]
 148. [186,185,187]
 149. [185,186,184]
 150. [184,186,188]
 151. [184,188,189]
 152. [190,191,192]
 153. [191,190,193]
 154. [191,193,194]
 155. [194,193,195]
 156. [196,197,198]
 157. [197,196,199]
 158. [200,201,202]
 159. [201,200,203]
 160. [204,205,206]
 161. [205,204,207]
 162. [208,209,210]
 163. [209,208,211]
 164. [212,213,214]
 165. [213,212,215]
 166. [216,217,218]
 167. [219,218,217]
 168. [218,219,220]
 169. [218,220,221]
 170. [222,187,223]
 171. [187,222,189]
 172. [163,224,159]
 173. [224,163,225]
 174. [226,227,228]
 175. [227,226,229]
 176. [230,231,232]
 177. [231,230,233]
 178. [231,233,234]
 179. [234,233,235]
 180. [234,235,236]
 181. [236,235,237]
 182. [237,235,238]
 183. [238,235,239]
 184. [238,239,240]
 185. [241,236,237]
Boxes:
 1. C=(0,11.25,-31.99)  S=89.9x78.2x121  L=-2 R=-107
 2. C=(-0.17,11.25,-110.54)  S=70.8x78.2x42.5  L=-3 R=-66
 3. C=(-0.17,-1,-110.54)  S=70.8x66x42.5  L=-4 R=-31
 4. C=(-35.5,-1,-110.54)  S=35.5x66x42.5  L=-5 R=-14
 5. C=(-35.5,-49,-110.54)  S=35.5x18x42.5  L=-6 R=-11
 6. C=(-26.85,-46.5,-135.75)  S=26.8x15.5x17.2  L=-7 R=-10
 7. C=(-37.45,-44.63,-135.75)  S=16.2x13.6x17.2  L=-8 R=-9
 8. C=(-46.77,-39.25,-135.75)  S=6.9x8.2x17.2  L=47 R=48
 9. C=(-30.53,-52.88,-135.75)  S=9.3x5.4x17.2  L=45 R=46
 10. C=(-10.6,-60.13,-135.75)  S=10.6x1.9x17.2  L=43 R=44
 11. C=(-50.56,-49.56,-93.29)  S=20.4x17.4x25.2  L=-12 R=-13
 12. C=(-47.56,-49.56,-110.5)  S=17.4x17.4x8  L=0 R=1
 13. C=(-71,-58.5,-85.29)  S=0x8.5x17.2  L=166 R=167
 14. C=(-35.5,-1,-117.5)  S=35.5x66x35.5  L=-15 R=-26
 15. C=(-30.53,0,-135.75)  S=30.5x62x17.2  L=-16 R=-23
 16. C=(-50.46,0,-135.75)  S=10.6x47.5x17.2  L=-17 R=-20
 17. C=(-50.46,0,-153)  S=10.6x47.5x0  L=-18 R=-19
 18. C=(-57.38,0,-153)  S=3.7x31x0  L=11 R=12
 19. C=(-46.77,0,-153)  S=6.9x47.5x0  L=13 R=14
 20. C=(-57.38,-10.12,-135.75)  S=3.7x20.9x17.2  L=-21 R=-22
 21. C=(-57.38,-20.88,-135.75)  S=3.7x10.1x17.2  L=49 R=50
 22. C=(-61.06,0,-135.75)  S=0x10.8x17.2  L=51 R=52
 23. C=(-19.93,0,-153)  S=19.9x62x0  L=-24 R=-25
 24. C=(-30.53,0,-153)  S=9.3x58.3x0  L=15 R=16
 25. C=(-10.6,0,-153)  S=10.6x62x0  L=17 R=18
 26. C=(-42.97,-1,-100.25)  S=28x66x18.2  L=-27 R=-30
 27. C=(-68,-11.25,-100.25)  S=3x55.8x18.2  L=-28 R=-29
 28. C=(-65,0,-110.5)  S=0x32.1x8  L=102 R=103
 29. C=(-71,-11.25,-92.25)  S=0x55.8x10.2  L=168 R=169
 30. C=(-39.97,-1,-118.5)  S=25x66x0  L=177 R=178
 31. C=(-0.17,-1,-110.54)  S=70.8x66x42.5  L=-32 R=-50
 32. C=(-0.17,-1,-110.54)  S=70.8x66x42.5  L=-33 R=-42
 33. C=(-0.17,-57.25,-110.54)  S=70.8x9.8x42.5  L=-34 R=-39
 34. C=(4.87,-57.25,-127.75)  S=35x9.8x25.2  L=-35 R=-38
 35. C=(0,-62.63,-127.75)  S=30.1x4.4x25.2  L=-36 R=-37
 36. C=(10.6,-60.13,-135.75)  S=10.6x1.9x17.2  L=77 R=78
 37. C=(0,-67,-110.5)  S=30.1x0x8  L=174 R=175
 38. C=(30.53,-52.88,-135.75)  S=9.3x5.4x17.2  L=75 R=76
 39. C=(-0.17,-58.5,-85.29)  S=70.8x8.5x17.2  L=-40 R=-41
 40. C=(-0.17,-67,-85.29)  S=70.8x0x17.2  L=27 R=28
 41. C=(-0.17,-50,-75.04)  S=70.8x0x7  L=106 R=107
 42. C=(-0.17,-1,-117.5)  S=70.8x66x35.5  L=-43 R=-47
 43. C=(4.87,-1,-135.75)  S=35x66x17.2  L=-44 R=-46
 44. C=(19.93,0,-153)  S=19.9x62x0  L=-45 R=21
 45. C=(10.6,0,-153)  S=10.6x62x0  L=20 R=19
 46. C=(1,-1,-118.5)  S=31.1x66x0  L=179 R=182
 47. C=(-0.17,-11.25,-92.25)  S=70.8x55.8x10.2  L=-48 R=-49
 48. C=(-0.17,-11.25,-102.5)  S=70.8x55.8x0  L=158 R=159
 49. C=(-0.17,-2.75,-82)  S=70.8x47.2x0  L=157 R=156
 50. C=(50.38,-1,-111.01)  S=20.3x66x42  L=-51 R=-58
 51. C=(50.38,-38.88,-111.01)  S=20.3x28.1x42  L=-52 R=-55
 52. C=(50.46,-29.13,-135.75)  S=10.6x18.4x17.2  L=-53 R=-54
 53. C=(46.77,-39.25,-135.75)  S=6.9x8.2x17.2  L=73 R=74
 54. C=(57.38,-20.88,-135.75)  S=3.7x10.1x17.2  L=71 R=72
 55. C=(50.38,-49.56,-93.76)  S=20.3x17.4x24.7  L=-56 R=-57
 56. C=(47.56,-49.56,-110.5)  S=17.4x17.4x8  L=3 R=2
 57. C=(70.66,-58.5,-85.76)  S=0x8.5x16.7  L=152 R=153
 58. C=(50.38,-1,-117.5)  S=20.3x66x35.5  L=-59 R=-62
 59. C=(50.46,0,-135.75)  S=10.6x47.5x17.2  L=-60 R=-61
 60. C=(50.46,0,-153)  S=10.6x47.5x0  L=23 R=25
 61. C=(61.06,0,-135.75)  S=0x10.8x17.2  L=70 R=69
 62. C=(50.38,-1,-100.25)  S=20.3x66x18.2  L=-63 R=-65
 63. C=(47.56,-1,-110.5)  S=17.4x66x8  L=183 R=-64
 64. C=(65,0,-110.5)  S=0x32.1x8  L=105 R=104
 65. C=(70.66,-11.25,-92.25)  S=0x55.8x10.2  L=155 R=154
 66. C=(-0.17,11.25,-117.5)  S=70.8x78.2x35.5  L=-67 R=-86
 67. C=(-0.17,28.69,-117.5)  S=70.8x60.8x35.5  L=-68 R=-79
 68. C=(-39.97,28.69,-127.75)  S=25x60.8x25.2  L=-69 R=-73
 69. C=(-48.56,16.44,-135.75)  S=16.4x48.6x17.2  L=-70 R=-72
 70. C=(-48.56,16.44,-135.75)  S=16.4x48.6x17.2  L=-71 R=176
 71. C=(-57.38,20.88,-135.75)  S=3.7x10.1x17.2  L=53 R=54
 72. C=(-46.77,39.25,-135.75)  S=6.9x8.2x17.2  L=56 R=55
 73. C=(-39.97,60.81,-127.75)  S=25x28.7x25.2  L=-74 R=-75
 74. C=(-30.53,52.88,-135.75)  S=9.3x5.4x17.2  L=57 R=58
 75. C=(-39.97,60.81,-110.5)  S=25x28.7x8  L=-76 R=-78
 76. C=(-48.56,48.56,-110.5)  S=16.4x16.4x8  L=-77 R=85
 77. C=(-48.56,48.56,-110.5)  S=16.4x16.4x8  L=83 R=84
 78. C=(-30.72,70.06,-110.5)  S=15.8x19.4x8  L=80 R=79
 79. C=(-0.17,67,-117.5)  S=70.8x22.5x35.5  L=-80 R=-82
 80. C=(-3.14,73.88,-135.75)  S=18.1x15.6x17.2  L=-81 R=185
 81. C=(-10.6,60.13,-135.75)  S=10.6x1.9x17.2  L=59 R=60
 82. C=(-0.17,67,-100.25)  S=70.8x22.5x18.2  L=-83 R=-84
 83. C=(-0.17,44.5,-92.25)  S=70.8x0x10.2  L=86 R=87
 84. C=(0,77.25,-110.5)  S=46.5x12.2x8  L=-85 R=93
 85. C=(-23.52,77.25,-114.15)  S=8.6x12.2x4.4  L=82 R=81
 86. C=(25.03,11.25,-127.75)  S=40x78.2x25.2  L=-87 R=-97
 87. C=(25.03,11.25,-127.75)  S=40x78.2x25.2  L=-88 R=-90
 88. C=(12.46,11.25,-135.75)  S=27.4x78.2x17.2  L=22 R=-89
 89. C=(7.59,11.25,-118.5)  S=22.5x78.2x0  L=180 R=181
 90. C=(48.56,16.44,-127.75)  S=16.4x48.6x25.2  L=-91 R=-96
 91. C=(50.46,8.25,-135.75)  S=10.6x39.2x17.2  L=-92 R=-95
 92. C=(50.46,8.25,-135.75)  S=10.6x39.2x17.2  L=-93 R=-94
 93. C=(50.46,8.25,-153)  S=10.6x39.2x0  L=24 R=26
 94. C=(57.38,20.88,-135.75)  S=3.7x10.1x17.2  L=67 R=68
 95. C=(46.77,39.25,-135.75)  S=6.9x8.2x17.2  L=65 R=66
 96. C=(48.56,16.44,-110.5)  S=16.4x48.6x8  L=8 R=184
 97. C=(25.03,60.81,-127.75)  S=40x28.7x25.2  L=-98 R=-101
 98. C=(19.93,54.75,-135.75)  S=19.9x7.3x17.2  L=-99 R=-100
 99. C=(10.6,60.13,-135.75)  S=10.6x1.9x17.2  L=61 R=62
 100. C=(30.53,52.88,-135.75)  S=9.3x5.4x17.2  L=63 R=64
 101. C=(25.03,60.81,-110.5)  S=40x28.7x8  L=-102 R=-104
 102. C=(39.97,48.56,-110.5)  S=25x16.4x8  L=7 R=-103
 103. C=(48.56,48.56,-110.5)  S=16.4x16.4x8  L=10 R=9
 104. C=(15.78,70.06,-110.5)  S=30.7x19.4x8  L=92 R=-105
 105. C=(30.72,70.06,-110.5)  S=15.8x19.4x8  L=-106 R=6
 106. C=(30.72,77.25,-110.5)  S=15.8x12.2x8  L=5 R=4
 107. C=(0,11.25,-6.74)  S=89.9x78.2x95.8  L=-108 R=-169
 108. C=(0,-58.5,10)  S=89.9x8.5x79  L=-109 R=-134
 109. C=(-1.24,-58.5,10.47)  S=88.6x8.5x78.5  L=-110 R=-119
 110. C=(-1.24,-58.5,-23.27)  S=88.6x8.5x44.8  L=-111 R=-118
 111. C=(-80.44,-58.5,-23.27)  S=9.4x8.5x44.8  L=-112 R=-113
 112. C=(-77.79,-58.5,-49.43)  S=6.8x8.5x18.6  L=170 R=171
 113. C=(-87.22,-58.5,-4.62)  S=2.6x8.5x26.2  L=-114 R=-117
 114. C=(-87.22,-58.5,-17.81)  S=2.6x8.5x13  L=-115 R=-116
 115. C=(-87.22,-58.5,-17.81)  S=2.6x8.5x13  L=148 R=149
 116. C=(-87.22,-58.25,-17.81)  S=2.6x8.2x13  L=150 R=151
 117. C=(-88.63,-58.5,8.35)  S=1.2x8.5x13.2  L=146 R=147
 118. C=(-1.24,-58.5,8.35)  S=88.6x8.5x13.2  L=113 R=34
 119. C=(-5.03,-58.5,55.28)  S=82.4x8.5x33.7  L=-120 R=-125
 120. C=(-62.98,-58.5,51.42)  S=24.4x8.5x29.9  L=-121 R=-122
 121. C=(-82.36,-58.5,33.79)  S=5x8.5x12.3  L=144 R=145
 122. C=(-57.96,-58.5,63.68)  S=19.4x8.5x17.6  L=-123 R=-124
 123. C=(-68.96,-58.5,56.3)  S=8.4x8.5x10.3  L=142 R=143
 124. C=(-49.58,-58.5,73.93)  S=11x8.5x7.4  L=140 R=141
 125. C=(-5.03,-58.5,55.28)  S=82.4x8.5x33.7  L=-126 R=-129
 126. C=(-5.03,-58.5,44.05)  S=82.4x8.5x22.5  L=-127 R=-128
 127. C=(-5.03,-58.5,33.79)  S=82.4x8.5x12.3  L=115 R=36
 128. C=(-8.38,-58.5,56.3)  S=69x8.5x10.3  L=117 R=38
 129. C=(-11,-58.5,77.79)  S=49.6x8.5x11.2  L=-130 R=-131
 130. C=(-11,-67,77.79)  S=49.6x0x11.2  L=40 R=42
 131. C=(-11,-58.5,77.79)  S=49.6x8.5x11.2  L=-132 R=-133
 132. C=(-25.91,-58.5,85.17)  S=12.7x8.5x3.9  L=139 R=138
 133. C=(-11,-50,77.79)  S=49.6x0x11.2  L=121 R=119
 134. C=(0,-58.5,10)  S=89.9x8.5x79  L=-135 R=-152
 135. C=(0,-58.5,-23.74)  S=89.9x8.5x45.3  L=-136 R=-145
 136. C=(0,-58.5,-23.74)  S=89.9x8.5x45.3  L=-137 R=-140
 137. C=(0,-58.5,-49.9)  S=84.6x8.5x19.1  L=-138 R=-139
 138. C=(0,-67,-49.9)  S=84.6x0x19.1  L=29 R=30
 139. C=(0,-50,-49.9)  S=84.6x0x19.1  L=108 R=109
 140. C=(0,-58.5,-4.62)  S=89.9x8.5x26.2  L=-141 R=-144
 141. C=(0,-58.5,-17.81)  S=89.9x8.5x13  L=-142 R=-143
 142. C=(0,-67,-17.81)  S=89.9x0x13  L=31 R=32
 143. C=(0,-50,-17.81)  S=89.9x0x13  L=111 R=110
 144. C=(0,-58.5,8.35)  S=89.9x8.5x13.2  L=112 R=33
 145. C=(80.26,-58.5,-23.74)  S=9.6x8.5x45.3  L=-146 R=-147
 146. C=(77.61,-58.5,-49.9)  S=7x8.5x19.1  L=172 R=173
 147. C=(87.22,-58.5,-4.62)  S=2.6x8.5x26.2  L=-148 R=-151
 148. C=(87.22,-58.5,-17.81)  S=2.6x8.5x13  L=-149 R=125
 149. C=(87.22,-58.5,-17.81)  S=2.6x8.5x13  L=-150 R=124
 150. C=(87.22,-58.5,-17.81)  S=2.6x8.5x13  L=123 R=122
 151. C=(88.63,-58.5,8.35)  S=1.2x8.5x13.2  L=127 R=126
 152. C=(0,-58.5,55.28)  S=87.4x8.5x33.7  L=-153 R=-162
 153. C=(0,-58.5,55.28)  S=87.4x8.5x33.7  L=-154 R=-157
 154. C=(0,-58.5,44.05)  S=87.4x8.5x22.5  L=-155 R=-156
 155. C=(0,-58.5,33.79)  S=87.4x8.5x12.3  L=114 R=35
 156. C=(0,-58.5,56.3)  S=77.3x8.5x10.3  L=116 R=37
 157. C=(0,-58.5,77.79)  S=60.6x8.5x11.2  L=-158 R=-159
 158. C=(0,-67,77.79)  S=60.6x0x11.2  L=41 R=39
 159. C=(0,-58.5,77.79)  S=60.6x8.5x11.2  L=118 R=-160
 160. C=(0,-58.5,85.17)  S=38.6x8.5x3.9  L=-161 R=120
 161. C=(0,-58.5,89.02)  S=13.2x8.5x0  L=137 R=136
 162. C=(50.31,-58.5,55.28)  S=37.1x8.5x33.7  L=-163 R=-166
 163. C=(36.91,-58.5,77.79)  S=23.7x8.5x11.2  L=-164 R=-165
 164. C=(25.91,-58.5,85.17)  S=12.7x8.5x3.9  L=135 R=134
 165. C=(49.58,-58.5,73.93)  S=11x8.5x7.4  L=132 R=133
 166. C=(73.98,-58.5,44.05)  S=13.4x8.5x22.5  L=-167 R=-168
 167. C=(82.36,-58.5,33.79)  S=5x8.5x12.3  L=128 R=129
 168. C=(68.96,-58.5,56.3)  S=8.4x8.5x10.3  L=131 R=130
 169. C=(0,67,-25.8)  S=46.5x22.5x76.7  L=-170 R=-177
 170. C=(0,67,-35.61)  S=46.5x22.5x66.9  L=-171 R=-172
 171. C=(-46.5,67,-35.61)  S=0x22.5x66.9  L=98 R=99
 172. C=(0,67,-35.61)  S=46.5x22.5x66.9  L=-173 R=-176
 173. C=(0,67,-35.61)  S=46.5x22.5x66.9  L=-174 R=-175
 174. C=(0,44.5,-25.36)  S=46.5x0x56.6  L=88 R=89
 175. C=(0,89.5,-35.61)  S=46.5x0x66.9  L=94 R=95
 176. C=(46.5,67,-35.61)  S=0x22.5x66.9  L=100 R=101
 177. C=(0,67,41.09)  S=46.5x22.5x9.8  L=-178 R=-181
 178. C=(-17,67,41.09)  S=29.5x22.5x9.8  L=91 R=-179
 179. C=(-17,67,41.09)  S=29.5x22.5x9.8  L=-180 R=97
 180. C=(-29.5,67,41.09)  S=17x22.5x9.8  L=160 R=161
 181. C=(0,67,41.09)  S=46.5x22.5x9.8  L=-182 R=-185
 182. C=(0,67,41.09)  S=46.5x22.5x9.8  L=90 R=-183
 183. C=(0,67,41.09)  S=46.5x22.5x9.8  L=-184 R=96
 184. C=(0,67,50.9)  S=12.5x22.5x0  L=162 R=163
 185. C=(29.5,67,41.09)  S=17x22.5x9.8  L=164 R=165
 186. C=(0,0,0)  S=0x0x0  L=47 R=47
