E3Cone
Flags: FlipNormal, VLinear
Domain: (0~6.28319,47.28703~52.30988)
Bound: (193.7076~209.90892,72.92189~113.8532,-49.26613~-45.22804)
Area: 183.536443
0 (193.70778,73.926007,-48.384063) (5.184868,47.288215) <-0.3364,0.7519,0.566993>
1 (195.13157,73.505733,-46.954518) (5.222896,49.120227) <-0.365031,0.736522,0.569463>
2 (196.355287,72.921875,-45.402206) (5.248099,51.076129) <-0.383679,0.725732,0.571055>
3 (198.999881,74.488651,-45.358572) (5.364045,51.387933) <-0.465737,0.670178,0.577884>
4 (201.431351,76.369357,-45.320295) (5.479461,51.661325) <-0.54054,0.60579,0.58381>
5 (203.612648,78.535337,-45.28796) (5.594448,51.892141) <-0.60725,0.533477,0.58877>
6 (205.510534,80.953586,-45.262059) (5.7091,52.076863) <-0.66512,0.454212,0.592712>
7 (207.09609,83.587256,-45.242986) (5.823504,52.212677) <-0.713503,0.369026,0.595595>
8 (208.345157,86.396217,-45.231033) (5.937744,52.297513) <-0.751854,0.279001,0.597389>
9 (209.238701,89.337667,-45.226381) (6.051899,52.330078) <-0.779732,0.185264,0.598077>
10 (209.763107,92.366785,-45.229101) (6.166049,52.309877) <-0.796805,0.088974,0.597649>
11 (209.910385,95.437417,-45.239152) (6.280271,52.237217) <-0.802854,-0.00868,0.596112>
12 (209.67829,98.502773,-45.256381) (0.11146,52.113205) <-0.797771,-0.106497,0.59348>
13 (209.070359,101.516144,-45.280524) (0.226068,51.93973) <-0.781564,-0.203264,0.589782>
14 (208.095722,104.431947,-45.311219) (0.34101,51.719409) <-0.754347,-0.29778,0.585053>
15 (206.837677,105.479144,-46.382504) (0.392943,50.306246) <-0.738541,-0.339317,0.582598>
16 (205.555649,106.719389,-47.185713) (0.455545,49.196649) <-0.716666,-0.388201,0.579388>
17 (204.286388,108.117127,-47.69782) (0.526871,48.422428) <-0.688085,-0.442086,0.575412>
18 (203.066281,109.632289,-47.904145) (0.603945,48.005776) <-0.652985,-0.497843,0.570756>
19 (201.071446,111.875907,-47.95921) (0.725086,47.658139) <-0.589467,-0.579517,0.562751>
20 (198.812216,113.853365,-48.013391) (0.847042,47.28819) <-0.516054,-0.653323,0.553947>
21 (200.892091,111.763006,-48.262799) (0.725459,47.288189) <-0.589257,-0.579756,0.562725>
22 (202.703702,109.434139,-48.491121) (0.603875,47.288188) <-0.653019,-0.497793,0.570761>
23 (204.220302,106.901147,-48.694987) (0.48229,47.288187) <-0.706398,-0.408646,0.577936>
24 (205.419501,104.201426,-48.871387) (0.360705,47.288186) <-0.748606,-0.31363,0.584145>
25 (206.283593,101.374834,-49.017716) (0.23912,47.288185) <-0.77902,-0.214148,0.589295>
26 (206.799821,98.463103,-49.131814) (0.117534,47.288183) <-0.79719,-0.111669,0.593311>
27 (206.960564,95.509221,-49.211997) (6.279134,47.288182) <-0.802849,-0.007706,0.596133>
28 (206.763449,92.556798,-49.25708) (6.157548,47.288181) <-0.795912,0.096206,0.59772>
29 (206.211385,89.649424,-49.266398) (6.035962,47.288179) <-0.776482,0.198532,0.598047>
30 (205.312524,86.830021,-49.239814) (5.914377,47.288178) <-0.744846,0.297762,0.597112>
31 (204.080136,84.140216,-49.17772) (5.792791,47.288177) <-0.701471,0.39243,0.594926>
32 (202.532416,81.61972,-49.081033) (5.671205,47.288176) <-0.646997,0.481139,0.591523>
33 (200.692213,79.305745,-48.951179) (5.54962,47.288175) <-0.582229,0.562579,0.586953>
34 (198.586697,77.232454,-48.790077) (5.428035,47.288173) <-0.508124,0.635548,0.581282>
35 (196.246953,75.430457,-48.600105) (5.30645,47.288173) <-0.425775,0.698967,0.574596>
