E3Cylinder
Flags: FlipNormal, VLinear
Domain: (0~6.28319,0~41.3152)
Bound: (-50.41335~-39.29332,18.53488~59.78421,-0.72207~2.21037)
Area: 244.974233
0 (-39.293317,45.593718,2.210374) (0.517395,14.838729) <-0.49381,-0.015447,0.869432>
1 (-39.699849,52.688966,2.10554) (0.517395,7.731071) <-0.49381,-0.015447,0.869432>
2 (-40.106381,59.784214,2.000705) (0.517395,0.623413) <-0.49381,-0.015447,0.869432>
3 (-42.529079,59.774817,0.824528) (0.38802,0.476876) <-0.37774,-0.007963,0.925878>
4 (-45.083079,59.770607,-0.02988) (0.258667,0.322397) <-0.255376,-0.000347,0.966842>
5 (-47.725843,59.771652,-0.548287) (0.12933,0.162552) <-0.128761,0.007274,0.991649>
6 (-50.413353,59.777936,-0.72206) (0,0) <-3E-06,0.014773,0.999891>
7 (-49.231815,39.156406,-0.417371) (0,20.657598) <-3E-06,0.014773,0.999891>
8 (-48.050276,18.534876,-0.112684) (0,41.315196) <-3E-06,0.014773,0.999891>
9 (-46.945279,19.382537,-0.07489) (0.055444,40.532774) <-0.055328,0.011582,0.998401>
10 (-46.109135,20.496352,-0.039461) (0.098725,39.469251) <-0.098406,0.009065,0.995105>
11 (-45.603499,21.794189,-0.009008) (0.126645,38.20305) <-0.126103,0.007432,0.991989>
12 (-45.465671,23.180348,0.014318) (0.137253,36.827539) <-0.136602,0.00681,0.990603>
13 (-45.866045,30.168128,-0.088928) (0.137253,29.827536) <-0.136602,0.00681,0.990603>
14 (-46.266416,37.155908,-0.192197) (0.137253,22.827534) <-0.136602,0.00681,0.990603>
15 (-46.232108,38.285369,-0.194968) (0.142052,21.701967) <-0.141346,0.006528,0.989939>
16 (-46.005238,39.387409,-0.16775) (0.156127,20.615228) <-0.155242,0.005701,0.98786>
17 (-45.605509,40.427028,-0.105666) (0.178481,19.601203) <-0.177248,0.004386,0.984157>
18 (-45.062586,41.380013,-0.003094) (0.207701,18.682448) <-0.205876,0.002663,0.978575>
19 (-44.283357,42.376968,0.176168) (0.248908,17.734447) <-0.245945,0.00023,0.969284>
20 (-43.401639,43.234214,0.42268) (0.295284,16.932764) <-0.290538,-0.002509,0.95686>
21 (-42.149375,44.16681,0.853075) (0.361487,16.07977) <-0.353089,-0.006407,0.935568>
22 (-40.857416,44.905675,1.399231) (0.430896,15.424145) <-0.417004,-0.010464,0.908844>
