E3NurbsSurface
Flags: 0
Domain: (0~24.65996,0~11.2378)
Bound: (30.56198~59.33619,8.12899~23.36457,-4.95949~13.79556)
Area: 355.918464
0 (45.465656,23.180347,0.014223) (13.321407,11.158816) <0.145233,0.006316,0.989377>
1 (45.246606,23.19388,0.051041) (13.122731,11.127605) <0.192449,0.004611,0.981296>
2 (45.036525,23.206431,0.098955) (12.926252,11.10221) <0.245725,0.00124,0.969339>
3 (44.63152,23.230943,0.22785) (12.531067,11.065945) <0.354142,-0.006408,0.93517>
4 (43.886561,23.280104,0.611163) (11.733401,11.051149) <0.554724,-0.017994,0.83184>
5 (43.559061,23.302095,0.855378) (11.350442,11.070002) <0.641616,-0.024298,0.766641>
6 (43.253287,23.322935,1.139407) (10.980961,11.106044) <0.720834,-0.031316,0.6924>
7 (42.723077,23.364478,1.835454) (10.221066,11.237784) <0.855309,-0.041147,0.516482>
8 (42.658741,22.686976,1.888139) (10.198297,10.769304) <0.85225,-0.040356,0.521576>
9 (42.535915,22.005012,2.038733) (10.104195,10.311508) <0.851716,-0.039314,0.522526>
10 (42.345585,21.343561,2.304566) (9.928572,9.884323) <0.85261,-0.040048,0.521011>
11 (42.087808,20.727961,2.68684) (9.664699,9.505416) <0.854482,-0.04153,0.517819>
12 (41.772612,20.178609,3.171433) (9.330093,9.186046) <0.856145,-0.042338,0.514998>
13 (41.418882,19.707512,3.726966) (8.946278,8.928246) <0.857167,-0.043058,0.513236>
14 (40.651593,18.976915,4.955507) (8.081635,8.585058) <0.858297,-0.044551,0.511216>
15 (39.772222,18.41769,6.386009) (7.064735,8.389689) <0.858542,-0.044481,0.51081>
16 (38.356932,17.863247,8.716208) (5.410126,8.318894) <0.858414,-0.044218,0.511048>
17 (37.656798,17.695991,9.878027) (4.582146,8.360283) <0.858315,-0.044058,0.511228>
18 (37.48456,17.663703,10.16452) (4.378143,8.376961) <0.858294,-0.044101,0.511259>
19 (37.309285,17.634206,10.456127) (4.170426,8.396082) <0.858289,-0.044296,0.511251>
20 (37.223232,17.620979,10.599407) (4.068244,8.406523) <0.858285,-0.044321,0.511255>
21 (37.136741,17.608565,10.743523) (3.965539,8.417483) <0.858279,-0.044316,0.511266>
22 (37.055602,17.597713,10.878824) (3.869186,8.42818) <0.858271,-0.044277,0.511283>
23 (36.962903,17.586201,11.033517) (3.758413,8.441301) <0.85826,-0.044104,0.511316>
24 (36.755475,17.564099,11.380065) (3.510457,8.472652) <0.858207,-0.043584,0.51145>
25 (36.547476,17.546776,11.727948) (3.261776,8.507682) <0.858093,-0.042857,0.511703>
26 (36.134047,17.5264,12.420114) (2.768042,8.587109) <0.857837,-0.042271,0.512181>
27 (35.724835,17.524914,13.106672) (2.275574,8.680802) <0.857753,-0.043556,0.512214>
28 (35.524245,17.531961,13.444058) (2.033578,8.732876) <0.85776,-0.044162,0.51215>
29 (35.315422,17.545748,13.795532) (1.783689,8.789987) <0.857828,-0.044266,0.512027>
30 (35.153373,16.459035,13.752035) (1.755844,8.177482) <0.827841,-0.250231,0.502059>
31 (34.816615,15.469188,13.599561) (1.673064,7.571587) <0.762868,-0.440578,0.473206>
32 (34.583374,15.002654,13.483087) (1.607591,7.268065) <0.717247,-0.531085,0.451116>
33 (34.310455,14.568754,13.34517) (1.531578,6.971324) <0.665118,-0.614625,0.424092>
34 (34.001622,14.162342,13.177896) (1.43987,6.676514) <0.606496,-0.691912,0.391689>
35 (33.641715,13.783064,12.986491) (1.329064,6.380296) <0.554853,-0.748901,0.362333>
36 (33.482549,13.629901,12.89621) (1.263818,6.217252) <0.54107,-0.76211,0.355573>
37 (33.324795,13.478891,12.810674) (1.201998,6.063156) <0.53795,-0.76425,0.355711>
38 (33.135548,13.299314,12.710504) (1.12666,5.879941) <0.536362,-0.765407,0.355623>
39 (32.952193,13.124066,12.609303) (1.054955,5.700349) <0.535744,-0.765761,0.355793>
40 (32.76713,12.946809,12.50669) (0.981664,5.517885) <0.536249,-0.765492,0.35561>
41 (32.591895,12.779152,12.410671) (0.911559,5.344781) <0.537443,-0.765172,0.354496>
42 (32.308569,12.508707,12.255852) (0.799144,5.064841) <0.538519,-0.764663,0.35396>
43 (32.024573,12.238004,12.101692) (0.681263,4.775748) <0.541004,-0.763033,0.353689>
44 (31.881647,12.103345,12.026724) (0.62184,4.633105) <0.540147,-0.762938,0.355199>
45 (31.748513,11.972527,11.948345) (0.569681,4.495069) <0.538105,-0.763399,0.357303>
46 (31.461178,11.700209,11.79531) (0.46471,4.224546) <0.541634,-0.758732,0.361881>
47 (31.379181,11.617314,11.747155) (0.41682,4.109177) <0.557918,-0.7422,0.371305>
48 (31.310003,11.541304,11.707064) (0.374176,3.998443) <0.586019,-0.712354,0.386178>
49 (31.168438,11.370388,11.638239) (0.288374,3.761019) <0.647832,-0.641919,0.410188>
50 (31.038923,11.182055,11.568408) (0.224304,3.51999) <0.692244,-0.57978,0.429713>
51 (30.928938,10.992245,11.507978) (0.176674,3.282447) <0.726661,-0.513176,0.456743>
52 (30.82963,10.791979,11.464373) (0.122729,3.035521) <0.761185,-0.437374,0.478854>
53 (30.648578,10.257923,11.379503) (0.033926,2.434852) <0.826673,-0.251557,0.50332>
54 (30.561,9.674043,11.358004) (0.010578,1.825981) <0.85689,-0.042094,0.513778>
55 (30.688194,9.664224,11.144037) (0.164395,1.789706) <0.857142,-0.040878,0.513456>
56 (30.812358,9.653765,10.935179) (0.31394,1.752942) <0.857492,-0.040145,0.512929>
57 (30.933986,9.643753,10.729172) (0.462135,1.718179) <0.857896,-0.040821,0.512199>
58 (31.084294,9.632237,10.474932) (0.643992,1.675087) <0.85834,-0.040721,0.511463>
59 (31.165446,9.625338,10.338313) (0.741262,1.65079) <0.858394,-0.040448,0.511394>
60 (31.246382,9.618451,10.202113) (0.838783,1.627045) <0.858431,-0.040407,0.511334>
61 (31.406394,9.605243,9.932782) (1.031492,1.580455) <0.858361,-0.04005,0.511481>
62 (31.563858,9.592518,9.667681) (1.222324,1.536158) <0.858209,-0.039959,0.511743>
63 (31.725113,9.579418,9.39615) (1.416638,1.489552) <0.858221,-0.039495,0.511758>
64 (31.886219,9.56616,9.124778) (1.610456,1.442415) <0.858286,-0.039107,0.51168>
65 (32.042383,9.553229,8.861659) (1.799035,1.397353) <0.858345,-0.039283,0.511567>
66 (32.200918,9.540159,8.594497) (1.991243,1.3525) <0.858373,-0.039603,0.511495>
67 (32.415063,9.522537,8.233625) (2.248958,1.29037) <0.858412,-0.039334,0.511451>
68 (32.516614,9.514135,8.06247) (2.371248,1.261089) <0.858407,-0.039395,0.511454>
69 (32.613373,9.506077,7.899355) (2.488146,1.233567) <0.858384,-0.039692,0.511469>
70 (32.742321,9.495257,7.681915) (2.644799,1.197724) <0.858312,-0.040525,0.511525>
71 (32.93647,9.478806,7.354448) (2.879486,1.142262) <0.858148,-0.041348,0.511734>
72 (33.132288,9.46208,7.024278) (3.114627,1.084704) <0.857873,-0.041672,0.512169>
73 (33.323705,9.439096,6.701335) (3.346941,1.02496) <0.857509,-0.041662,0.51278>
74 (33.511646,9.397874,6.38311) (3.576457,0.950374) <0.857441,-0.038411,0.513146>
75 (33.699739,9.343093,6.063544) (3.804673,0.864454) <0.857616,-0.03514,0.513088>
76 (33.88844,9.276483,5.741044) (4.037504,0.775875) <0.856898,-0.036987,0.514158>
77 (33.997556,9.233437,5.553542) (4.170641,0.720337) <0.85553,-0.038531,0.516318>
78 (34.206273,9.144802,5.196068) (4.441082,0.607451) <0.848722,-0.039111,0.527391>
79 (34.385352,9.066115,4.902621) (4.673432,0.502331) <0.83757,-0.028776,0.545572>
80 (34.473852,9.023124,4.766041) (4.792266,0.447089) <0.829772,-0.021926,0.557672>
81 (34.569475,8.986961,4.625355) (4.918301,0.399474) <0.819891,-0.018198,0.572231>
82 (34.776665,8.942808,4.341307) (5.179465,0.334877) <0.796095,-0.021008,0.604807>
83 (35.114025,8.929451,3.928344) (5.58278,0.298174) <0.755452,-0.039843,0.653991>
84 (35.473185,8.947818,3.541536) (5.987053,0.292894) <0.712621,-0.056905,0.699238>
85 (35.683131,8.959785,3.335944) (6.215248,0.293052) <0.687898,-0.063102,0.723059>
86 (36.120242,8.95792,2.949543) (6.678533,0.288074) <0.636357,-0.075212,0.767719>
87 (36.887273,8.856485,2.372975) (7.454271,0.212657) <0.549417,-0.074842,0.83219>
88 (37.672206,8.593356,1.899418) (8.217254,0.020265) <0.460138,-0.044976,0.886707>
89 (38.652978,8.538067,1.460889) (9.084101,0.062729) <0.367282,-0.030574,0.929607>
90 (39.148278,8.530646,1.275896) (9.473122,0.10591) <0.352667,-0.020535,0.935524>
91 (39.651587,8.51972,1.086145) (9.854999,0.147178) <0.34958,-0.018092,0.936732>
92 (40.029658,8.512862,0.944246) (10.142047,0.178622) <0.35044,-0.015131,0.936463>
93 (40.500268,8.505271,0.768153) (10.498969,0.218571) <0.350852,-0.010057,0.936377>
94 (40.974195,8.496013,0.590093) (10.858324,0.257799) <0.350907,-0.0078,0.936378>
95 (41.441911,8.48702,0.414581) (11.2144,0.297175) <0.351008,-0.007023,0.936346>
96 (41.778572,8.481324,0.288533) (11.470727,0.325735) <0.351062,-0.006215,0.936332>
97 (41.919361,8.478944,0.235781) (11.577937,0.337584) <0.351105,-0.005875,0.936318>
98 (42.264783,8.472926,0.106214) (11.840612,0.36655) <0.351276,-0.005347,0.936257>
99 (42.618967,8.466475,-0.026787) (12.109763,0.395885) <0.35138,-0.00525,0.936218>
100 (42.906774,8.461108,-0.134877) (12.328625,0.419329) <0.351325,-0.005333,0.936239>
101 (43.048518,8.458456,-0.188094) (12.436407,0.431279) <0.351263,-0.005431,0.936261>
102 (43.251043,8.454696,-0.264098) (12.590427,0.448342) <0.351161,-0.005532,0.936299>
103 (43.459182,8.450884,-0.342165) (12.748746,0.465866) <0.351069,-0.005554,0.936333>
104 (43.793785,8.44484,-0.467586) (13.003317,0.493994) <0.350996,-0.005387,0.936361>
105 (44.138024,8.438682,-0.596583) (13.264984,0.52284) <0.351006,-0.005067,0.93636>
106 (44.383485,8.434276,-0.688603) (13.451488,0.543399) <0.351041,-0.004911,0.936347>
107 (44.625338,8.429909,-0.77931) (13.635299,0.563658) <0.351084,-0.004839,0.936332>
108 (44.795325,8.426827,-0.843077) (13.764518,0.5779) <0.351114,-0.004811,0.93632>
109 (45.632944,8.4115,-1.157321) (14.40136,0.647175) <0.351146,-0.004655,0.936309>
110 (45.806769,8.40829,-1.222525) (14.533562,0.6616) <0.351139,-0.004659,0.936312>
111 (45.984414,8.404998,-1.289156) (14.668687,0.676377) <0.351139,-0.004685,0.936312>
112 (46.155818,8.40181,-1.353442) (14.799081,0.690669) <0.351151,-0.004739,0.936307>
113 (46.3361,8.398446,-1.421055) (14.936194,0.70581) <0.351174,-0.004839,0.936298>
114 (46.507237,8.395246,-1.485243) (15.06619,0.720478) <0.351199,-0.004986,0.936288>
115 (46.687453,8.391883,-1.552848) (15.203096,0.73601) <0.351222,-0.005138,0.936278>
116 (47.046598,8.385251,-1.687668) (15.475953,0.766774) <0.351234,-0.00533,0.936273>
117 (47.282305,8.380943,-1.776194) (15.655015,0.786135) <0.351208,-0.005358,0.936282>
118 (48.113853,8.365121,-2.088062) (16.286847,0.855302) <0.350977,-0.006118,0.936364>
119 (48.692899,8.354613,-2.305156) (16.72687,0.905178) <0.351081,-0.006164,0.936325>
120 (49.052189,8.348461,-2.440123) (17.000578,0.935256) <0.351153,-0.005498,0.936302>
121 (49.17302,8.346345,-2.485524) (17.092438,0.945498) <0.351172,-0.005413,0.936295>
122 (49.358708,8.34292,-2.555217) (17.233646,0.961184) <0.351176,-0.005531,0.936293>
123 (49.537667,8.339392,-2.622259) (17.369784,0.976218) <0.351142,-0.005889,0.936304>
124 (49.897043,8.332221,-2.756831) (17.643274,1.006658) <0.351026,-0.006693,0.936342>
125 (50.852149,8.315452,-3.115491) (18.369219,1.085971) <0.351135,-0.005286,0.93631>
126 (51.33124,8.306903,-3.295051) (18.732684,1.126971) <0.351461,-0.005158,0.936188>
127 (51.904806,8.295569,-3.509938) (19.167406,1.175085) <0.350649,-0.005839,0.936489>
128 (52.252189,8.287224,-3.641254) (19.436011,1.203558) <0.347314,-0.006047,0.937729>
129 (52.570544,8.277201,-3.760218) (19.685201,1.228094) <0.341119,-0.005755,0.940003>
130 (53.282718,8.249574,-4.010824) (20.245275,1.284417) <0.313268,-0.004004,0.949656>
131 (53.832201,8.230574,-4.183559) (20.678653,1.335369) <0.284178,-0.002237,0.958769>
132 (53.987287,8.225585,-4.228817) (20.80054,1.350279) <0.275665,-0.001366,0.961253>
133 (54.456268,8.211539,-4.356614) (21.163662,1.398851) <0.250332,0.001289,0.968159>
134 (54.627463,8.206724,-4.4) (21.29414,1.41847) <0.241311,0.001968,0.970446>
135 (55.228775,8.1907,-4.539287) (21.748329,1.491103) <0.209948,0.003957,0.977705>
136 (55.824229,8.175843,-4.657515) (22.192423,1.568446) <0.178047,0.004916,0.98401>
137 (56.137858,8.168737,-4.711744) (22.42363,1.612342) <0.161116,0.005293,0.986921>
138 (56.368928,8.164295,-4.748056) (22.592355,1.646106) <0.148844,0.006053,0.988842>
139 (56.614482,8.160179,-4.783314) (22.770999,1.682197) <0.135871,0.007825,0.990696>
140 (57.123599,8.152062,-4.846392) (23.136646,1.759431) <0.108898,0.010849,0.993994>
141 (57.810893,8.142586,-4.909413) (23.621797,1.874509) <0.072335,0.012728,0.997299>
142 (58.154637,8.138495,-4.931383) (23.861757,1.933786) <0.053759,0.013977,0.998456>
143 (58.401861,8.135949,-4.943303) (24.031861,1.97922) <0.040766,0.014313,0.999066>
144 (58.659194,8.133433,-4.952261) (24.20858,2.027394) <0.035079,0.013804,0.999289>
145 (59.190007,8.128703,-4.959474) (24.566156,2.127569) <0.02483,0.01335,0.999603>
146 (59.332797,8.129692,-4.959488) (24.659669,2.156829) <0.022242,0.012997,0.999668>
147 (59.332797,8.766577,-4.895775) (24.581017,2.809209) <0.015675,-0.217184,0.976005>
148 (59.332797,9.212183,-4.759113) (24.482057,3.298146) <0.012636,-0.376121,0.926484>
149 (59.3328,9.64077,-4.543488) (24.345881,3.799098) <0.010187,-0.529689,0.848131>
150 (59.335021,10.126074,-4.164001) (24.124785,4.412907) <0.007665,-0.702671,0.711474>
151 (59.335862,10.233882,-4.052337) (24.063088,4.559448) <0.005102,-0.739405,0.673242>
152 (59.336791,10.342135,-3.926973) (23.997319,4.709417) <0.003047,-0.776096,0.630607>
153 (59.334943,10.441499,-3.79811) (23.929965,4.851596) <0.002442,-0.81076,0.585373>
154 (59.330635,10.569626,-3.606033) (23.824445,5.053259) <0.000643,-0.86057,0.509332>
155 (59.332761,10.691046,-3.38044) (23.712244,5.244997) <-0.003046,-0.890482,0.455009>
156 (59.332399,10.87445,-3.002228) (23.572393,5.46748) <-0.003784,-0.886119,0.463442>
157 (59.331563,11.003745,-2.752113) (23.499756,5.593623) <-0.003292,-0.869715,0.493544>
158 (59.335116,11.396619,-2.146464) (23.329,5.917543) <-0.001918,-0.80043,0.599424>
159 (59.336462,11.692202,-1.787987) (23.22032,6.144649) <-0.001911,-0.743756,0.668449>
160 (59.333903,12.012402,-1.461553) (23.122581,6.377328) <-0.001864,-0.682003,0.731347>
161 (59.332975,12.216911,-1.280856) (23.068565,6.520721) <-0.002704,-0.642204,0.766529>
162 (59.332192,12.825353,-0.842779) (22.931652,6.92854) <-0.004268,-0.524334,0.851502>
163 (59.332104,13.191696,-0.637021) (22.862997,7.163617) <-0.00465,-0.453725,0.891129>
164 (59.332282,13.56834,-0.463449) (22.802418,7.397718) <-0.004673,-0.381033,0.92455>
165 (59.332609,13.818794,-0.367442) (22.766872,7.549683) <-0.004536,-0.332741,0.943007>
166 (59.332969,14.032517,-0.296953) (22.739913,7.676732) <-0.004309,-0.29161,0.956528>
167 (59.333424,14.248495,-0.235892) (22.715417,7.803484) <-0.004065,-0.250063,0.968221>
168 (59.333954,14.692806,-0.140937) (22.672829,8.058627) <-0.003355,-0.164119,0.986435>
169 (59.333714,15.151052,-0.084687) (22.640068,8.31309) <-0.002002,-0.075773,0.997123>
170 (59.33336,15.631034,-0.069863) (22.616769,8.573193) <-0.000522,0.011189,0.999937>
171 (58.923448,15.635621,-0.069881) (22.357795,8.498193) <0.000961,0.011466,0.999934>
172 (58.520119,15.648364,-0.070105) (22.101752,8.43034) <0.001282,0.012013,0.999927>
173 (58.248369,15.661429,-0.070321) (21.929643,8.387223) <0.001241,0.012303,0.999924>
174 (56.089957,15.876969,-0.073351) (20.554988,8.123837) <0.000371,0.014087,0.999901>
175 (54.449185,16.159162,-0.077617) (19.504546,8.007317) <-0.000163,0.013004,0.999915>
176 (52.807532,16.546353,-0.083407) (18.448764,7.960762) <-0.000456,0.013201,0.999913>
177 (51.690705,16.876444,-0.088135) (17.72787,7.976915) <-0.000359,0.013481,0.999909>
178 (51.146002,17.060499,-0.090781) (17.374833,7.999359) <-0.000565,0.013097,0.999914>
179 (50.597165,17.264022,-0.093891) (17.017961,8.033851) <-0.000477,0.013641,0.999907>
180 (50.269937,17.395023,-0.095924) (16.804496,8.060697) <-0.000361,0.014265,0.999898>
181 (49.943253,17.533074,-0.097985) (16.591938,8.094295) <-0.000282,0.014531,0.999894>
182 (49.299097,17.82965,-0.102156) (16.170304,8.176559) <-0.000322,0.013217,0.999913>
183 (48.050276,18.534876,-0.112684) (15.34391,8.42275) <0.010792,0.013801,0.999847>
184 (47.087546,19.30255,-0.099833) (14.657119,8.76971) <0.050189,0.010598,0.998684>
185 (46.289319,20.223042,-0.054789) (14.055458,9.256503) <0.094061,0.010332,0.995513>
186 (45.892092,20.903822,-0.021256) (13.742705,9.658071) <0.117231,0.008498,0.993068>
187 (45.62075,21.627903,0.00518) (13.512362,10.111368) <0.134889,0.007672,0.990831>
188 (45.479906,22.40761,0.017717) (13.36995,10.627143) <0.145012,0.007,0.989405>
