E3Plane
Flags: ULinear, VLinear
Domain: (-2.20749~47.94217,-0.01067~38.15175)
Bound: (43.57291~93.77495,-59.60907~-21.45136,0.47821~1.04192)
Area: 1611.002391
0 (43.572899,-59.609066,1.041917) (47.942166,38.151751) <0,0.014774,0.999891>
1 (66.304843,-59.609067,1.041917) (25.210223,38.151751) <0,0.014774,0.999891>
2 (89.036787,-59.609067,1.041917) (2.478279,38.151752) <0,0.014774,0.999891>
3 (89.036788,-53.419559,0.950465) (2.478278,31.961568) <0,0.014774,0.999891>
4 (89.036788,-47.230051,0.859014) (2.478277,25.771385) <0,0.014774,0.999891>
5 (89.196836,-45.233217,0.82951) (2.31823,23.774333) <0,0.014774,0.999891>
6 (89.672603,-43.287285,0.800758) (1.842463,21.828189) <0,0.014774,0.999891>
7 (90.451968,-41.441837,0.773491) (1.063098,19.982539) <0,0.014774,0.999891>
8 (91.515068,-39.7439,0.748403) (-2E-06,18.284416) <0,0.014774,0.999891>
9 (92.610972,-37.945508,0.721832) (-1.095906,16.485828) <0,0.014774,0.999891>
10 (93.358951,-35.976852,0.692744) (-1.843886,14.516958) <0,0.014774,0.999891>
11 (93.733706,-33.904523,0.662125) (-2.21864,12.444403) <0,0.014774,0.999891>
12 (93.722558,-31.798619,0.63101) (-2.207492,10.338269) <0,0.014774,0.999891>
13 (93.325886,-29.730373,0.600451) (-1.81082,8.269797) <0,0.014774,0.999891>
14 (92.557107,-27.769744,0.571482) (-1.042041,6.308954) <0,0.014774,0.999891>
15 (91.442226,-25.983053,0.545083) (0.07284,4.522067) <0,0.014774,0.999891>
16 (90.018953,-24.430734,0.522147) (1.496113,2.969579) <0,0.014774,0.999891>
17 (88.335433,-23.165296,0.50345) (3.179633,1.704003) <0,0.014774,0.999891>
18 (86.44861,-22.229543,0.489624) (5.066456,0.768148) <0,0.014774,0.999891>
19 (84.422308,-21.655127,0.481137) (7.092758,0.193669) <0,0.014774,0.999891>
20 (82.325068,-21.461478,0.478275) (9.189998,-1E-06) <0,0.014774,0.999891>
21 (70.045994,-21.461478,0.478275) (21.469072,0) <0,0.014774,0.999891>
22 (45.709918,-22.31164,0.491081) (45.805148,0.850258) <0,0.014774,0.999891>
23 (46.116977,-22.182867,0.488451) (45.398089,0.72146) <0,0.014774,0.999891>
24 (46.537043,-22.068641,0.48698) (44.978023,0.607225) <0,0.014774,0.999891>
25 (47.944501,-21.788226,0.483284) (43.570565,0.326785) <0,0.014774,0.999891>
26 (49.347884,-21.619339,0.480459) (42.167182,0.157875) <0,0.014774,0.999891>
27 (49.652418,-21.59342,0.480181) (41.862647,0.131955) <0,0.014774,0.999891>
28 (49.95693,-21.570339,0.479946) (41.558136,0.108873) <0,0.014774,0.999891>
29 (50.445037,-21.538787,0.479552) (41.070029,0.077319) <0,0.014774,0.999891>
30 (50.937696,-21.512805,0.479064) (40.57737,0.051333) <0,0.014774,0.999891>
31 (51.317522,-21.496486,0.478707) (40.197544,0.03501) <0,0.014774,0.999891>
32 (51.513732,-21.489344,0.478567) (40.001334,0.027866) <0,0.014774,0.999891>
33 (51.698944,-21.483345,0.478463) (39.816122,0.021866) <0,0.014774,0.999891>
34 (52.087863,-21.472822,0.478301) (39.427203,0.011342) <0,0.014774,0.999891>
35 (52.536126,-21.463832,0.47817) (38.978939,0.002352) <0,0.014774,0.999891>
36 (52.987876,-21.457584,0.478099) (38.52719,-0.003897) <0,0.014774,0.999891>
37 (53.885478,-21.451472,0.478167) (37.629588,-0.010007) <0,0.014774,0.999891>
38 (54.271037,-21.450805,0.478217) (37.244029,-0.010674) <0,0.014774,0.999891>
39 (55.699222,-21.454626,0.47812) (35.815844,-0.006855) <0,0.014774,0.999891>
40 (55.986454,-21.456094,0.478202) (35.528612,-0.005385) <0,0.014774,0.999891>
41 (56.276374,-21.457665,0.478313) (35.238692,-0.003813) <0,0.014774,0.999891>
42 (56.423109,-21.458314,0.478336) (35.091957,-0.003163) <0,0.014774,0.999891>
43 (56.574911,-21.45891,0.478334) (34.940155,-0.002567) <0,0.014774,0.999891>
44 (56.868318,-21.459893,0.478287) (34.646748,-0.001586) <0,0.014774,0.999891>
45 (45.709916,-22.311649,0.490837) (45.80515,0.850263) <0,0.014774,0.999891>
46 (44.641414,-40.960358,0.766377) (46.873652,19.501007) <0,0.014774,0.999891>
47 (58.325068,-33.911838,0.662233) (33.189998,12.451718) <0,0.014774,0.999891>
48 (58.325068,-32.911947,0.647459) (33.189998,11.451718) <0,0.014774,0.999891>
49 (58.325068,-31.912057,0.632686) (33.189998,10.451718) <0,0.014774,0.999891>
50 (58.507364,-30.644413,0.613956) (33.007701,9.183936) <0,0.014774,0.999891>
51 (59.039449,-29.479469,0.596744) (32.475617,8.018865) <0,0.014774,0.999891>
52 (59.878217,-28.511601,0.582443) (31.636849,7.050892) <0,0.014774,0.999891>
53 (60.955716,-27.819218,0.572213) (30.55935,6.358433) <0,0.014774,0.999891>
54 (62.184657,-27.458411,0.566882) (29.330409,5.997587) <0,0.014774,0.999891>
55 (63.465479,-27.458411,0.566882) (28.049587,5.997587) <0,0.014774,0.999891>
56 (64.694419,-27.819218,0.572213) (26.820647,6.358433) <0,0.014774,0.999891>
57 (65.771918,-28.511601,0.582443) (25.743148,7.050892) <0,0.014774,0.999891>
58 (66.610686,-29.479469,0.596744) (24.90438,8.018865) <0,0.014774,0.999891>
59 (67.142771,-30.644413,0.613956) (24.372295,9.183936) <0,0.014774,0.999891>
60 (67.325068,-31.912057,0.632686) (24.189998,10.451718) <0,0.014774,0.999891>
61 (67.325068,-32.911947,0.647459) (24.189998,11.451718) <0,0.014774,0.999891>
62 (67.325068,-33.911838,0.662232) (24.189998,12.451718) <0,0.014774,0.999891>
63 (67.142771,-35.179482,0.680962) (24.372295,13.719501) <0,0.014774,0.999891>
64 (66.610686,-36.344426,0.698174) (24.90438,14.884572) <0,0.014774,0.999891>
65 (65.771918,-37.312294,0.712475) (25.743148,15.852545) <0,0.014774,0.999891>
66 (64.694419,-38.004677,0.722706) (26.820647,16.545004) <0,0.014774,0.999891>
67 (63.465479,-38.365484,0.728037) (28.049587,16.90585) <0,0.014774,0.999891>
68 (62.184657,-38.365484,0.728037) (29.330409,16.90585) <0,0.014774,0.999891>
69 (60.955716,-38.004677,0.722706) (30.559349,16.545004) <0,0.014774,0.999891>
70 (59.878217,-37.312294,0.712476) (31.636849,15.852545) <0,0.014774,0.999891>
71 (59.039449,-36.344426,0.698176) (32.475617,14.884572) <0,0.014774,0.999891>
72 (58.507364,-35.179482,0.680964) (33.007701,13.719501) <0,0.014774,0.999891>
73 (78.025068,-32.911947,0.647459) (13.489998,11.451718) <0,0.014774,0.999891>
74 (78.199283,-31.700663,0.629562) (13.315782,10.240302) <0,0.014774,0.999891>
75 (78.707731,-30.587517,0.613115) (12.807335,9.127035) <0,0.014774,0.999891>
76 (79.50922,-29.662687,0.599451) (12.005846,8.202104) <0,0.014774,0.999891>
77 (80.538821,-29.001094,0.589675) (10.976244,7.540438) <0,0.014774,0.999891>
78 (81.713128,-28.656332,0.584581) (9.801938,7.195639) <0,0.014774,0.999891>
79 (82.937008,-28.656332,0.584581) (8.578058,7.195639) <0,0.014774,0.999891>
80 (84.111314,-29.001094,0.589675) (7.403752,7.540438) <0,0.014774,0.999891>
81 (85.140916,-29.662687,0.599451) (6.37415,8.202104) <0,0.014774,0.999891>
82 (85.942405,-30.587517,0.613115) (5.572661,9.127035) <0,0.014774,0.999891>
83 (86.450852,-31.700663,0.629562) (5.064214,10.240302) <0,0.014774,0.999891>
84 (86.625068,-32.911947,0.647457) (4.889998,11.451718) <0,0.014774,0.999891>
85 (86.450852,-34.123232,0.665354) (5.064214,12.663135) <0,0.014774,0.999891>
86 (85.942405,-35.236378,0.681802) (5.572661,13.776402) <0,0.014774,0.999891>
87 (85.140916,-36.161208,0.695467) (6.37415,14.701333) <0,0.014774,0.999891>
88 (84.111314,-36.822801,0.705242) (7.403752,15.362999) <0,0.014774,0.999891>
89 (82.937008,-37.167563,0.710337) (8.578058,15.707798) <0,0.014774,0.999891>
90 (81.713128,-37.167563,0.710338) (9.801938,15.707798) <0,0.014774,0.999891>
91 (80.538821,-36.822801,0.705244) (10.976244,15.362999) <0,0.014774,0.999891>
92 (79.50922,-36.161207,0.69547) (12.005846,14.701333) <0,0.014774,0.999891>
93 (78.707731,-35.236377,0.681805) (12.807335,13.776402) <0,0.014774,0.999891>
94 (78.199283,-34.123232,0.665359) (13.315782,12.663135) <0,0.014774,0.999891>
