E3RuledSurface
Flags: FlipNormal
Domain: 45.68737x3.14159@0,0
Bound: 3.66522x45.68988x0.00018@-5.66522,-47.23602,210.4998
Area: 165.606413
0 (-5.665218,-2.236026,210.499979) (0.687371,3.141593) <0,-4E-06,1>
1 (-4.93173,-2.234298,210.499979) (0.685643,2.512892) <0,-4E-06,1>
2 (-3.843556,-2.150323,210.49998) (0.601669,1.580179) <0,-4E-06,1>
3 (-3.157856,-1.938942,210.499981) (0.390287,0.992442) <0,-4E-06,1>
4 (-2.848795,-1.765849,210.499981) (0.217194,0.727535) <0,-4E-06,1>
5 (-2.579777,-1.548655,210.499982) (0,0.496949) <0,-4E-06,1>
6 (-2,-2.236026,210.499979) (0.687371,0) <0,-4E-06,1>
7 (-2,-47.236026,210.499803) (45.687371,0) <0,-4E-06,1>
8 (-4.241948,-47.236026,210.499803) (45.687371,1.921659) <0,-4E-06,1>
9 (-5.665218,-47.236026,210.499803) (45.687371,3.141593) <0,-4E-06,1>
