E3Sphere
Flags: 0
Domain: (0~6.28319,-1.5708~1.5708)
Bound: (-56~-50,23.25403~31,127.12702~134.87299)
Area: 73.690739
0 (-56,31,127.127017) (0,1.570796) <-1,0,0>
1 (-55.807727,29.256614,127.127017) (0,1.35111) <-0.975966,-0.217923,0>
2 (-55.240152,27.59703,127.127017) (0,1.131424) <-0.905019,-0.425371,0>
3 (-54.324555,26.101021,127.127017) (0,0.911738) <-0.790569,-0.612372,0>
4 (-53.104949,24.840496,127.127017) (0,0.692052) <-0.638119,-0.769938,0>
5 (-51.639958,23.876047,127.127017) (0,0.472366) <-0.454995,-0.890494,0>
6 (-50,23.254033,127.127017) (0,0.25268) <-0.25,-0.968246,0>
7 (-50,23.448241,128.850656) (0.224399,0.25268) <-0.25,-0.94397,0.215455>
8 (-50,24.021125,130.487866) (0.448799,0.25268) <-0.25,-0.872359,0.420106>
9 (-50,24.943959,131.956548) (0.673198,0.25268) <-0.25,-0.757005,0.603691>
10 (-50,26.170469,133.183057) (0.897598,0.25268) <-0.25,-0.603691,0.757005>
11 (-50,27.639151,134.105891) (1.121997,0.25268) <-0.25,-0.420106,0.872359>
12 (-50,29.27636,134.678776) (1.346397,0.25268) <-0.25,-0.215455,0.94397>
13 (-50,31,134.872983) (1.570796,0.25268) <-0.25,0,0.968246>
14 (-51.639958,31,134.25097) (1.570796,0.472366) <-0.454995,0,0.890494>
15 (-53.104949,31,133.286521) (1.570796,0.692052) <-0.638119,0,0.769938>
16 (-54.324555,31,132.025996) (1.570796,0.911738) <-0.790569,0,0.612372>
17 (-55.240152,31,130.529986) (1.570796,1.131424) <-0.905019,0,0.425371>
18 (-55.807727,31,128.870402) (1.570796,1.35111) <-0.975966,0,0.217923>
