E3SpunSurface
Flags: FlipNormal, GeneratrixFlat
Domain: (0~6.28319,0~1.90672)
Bound: (13.88477~32,188~206.11523,206.5~209.65791)
Area: 269.126106
0 (32,206.115237,209.657895) (4.712389,1E-06) <0,-0.815365,0.578947>
1 (32,205.06547,208.469086) (4.712389,0.211859) <0,-0.675396,0.737455>
2 (32,203.789196,207.527598) (4.712389,0.423716) <0,-0.505226,0.862987>
3 (32,202.343484,206.875529) (4.712389,0.635574) <0,-0.312465,0.949929>
4 (32,200.792981,206.542039) (4.712389,0.847432) <0,-0.105731,0.994395>
5 (32,199.207019,206.542039) (4.712389,1.059289) <0,0.105731,0.994395>
6 (32,197.656516,206.875529) (4.712389,1.271147) <0,0.312465,0.949929>
7 (32,196.210804,207.527598) (4.712389,1.483005) <0,0.505226,0.862987>
8 (32,194.93453,208.469086) (4.712389,1.694862) <0,0.675396,0.737455>
9 (32,193.884748,209.657916) (4.712389,1.906723) <0,0.815367,0.578945>
10 (30.69052,193.737205,209.657916) (4.48799,1.906723) <-0.181436,0.794924,0.578945>
11 (29.446703,193.301975,209.657916) (4.26359,1.906723) <-0.353774,0.73462,0.578945>
12 (28.330919,192.600881,209.657916) (4.039191,1.906723) <-0.508373,0.63748,0.578945>
13 (27.399119,191.669081,209.657916) (3.814791,1.906723) <-0.63748,0.508373,0.578945>
14 (26.698025,190.553297,209.657916) (3.590392,1.906723) <-0.73462,0.353774,0.578945>
15 (26.262795,189.30948,209.657916) (3.365992,1.906723) <-0.794924,0.181436,0.578945>
16 (26.115237,188,209.657895) (3.141593,1.90672) <-0.815365,0,0.578947>
17 (25.06547,188,208.469086) (3.141593,1.694862) <-0.675396,0,0.737455>
18 (23.789196,188,207.527598) (3.141593,1.483005) <-0.505226,0,0.862987>
19 (22.343484,188,206.875529) (3.141593,1.271147) <-0.312465,0,0.949929>
20 (20.792981,188,206.542039) (3.141593,1.059289) <-0.105731,0,0.994395>
21 (19.207019,188,206.542039) (3.141593,0.847432) <0.105731,0,0.994395>
22 (17.656516,188,206.875529) (3.141593,0.635574) <0.312465,0,0.949929>
23 (16.210804,188,207.527598) (3.141593,0.423716) <0.505226,0,0.862987>
24 (14.93453,188,208.469086) (3.141593,0.211859) <0.675396,0,0.737455>
25 (13.884758,188,209.657903) (3.141593,6.283185) <0.815366,0,0.578946>
26 (14.069145,190.578068,209.657903) (3.284392,6.283185) <0.807066,-0.116039,0.578946>
27 (14.618552,193.103654,209.657903) (3.427192,6.283185) <0.782338,-0.229715,0.578946>
28 (15.521796,195.525344,209.657903) (3.569992,6.283185) <0.741683,-0.338715,0.578946>
29 (16.760488,197.793839,209.657903) (3.712791,6.283185) <0.685929,-0.44082,0.578946>
30 (18.309413,199.862961,209.657903) (3.855591,6.283185) <0.616212,-0.533951,0.578946>
31 (20.137039,201.690587,209.657903) (3.998391,6.283185) <0.533951,-0.616212,0.578946>
32 (22.206161,203.239512,209.657903) (4.14119,6.283185) <0.44082,-0.685929,0.578946>
33 (24.474656,204.478204,209.657903) (4.28399,6.283185) <0.338715,-0.741683,0.578946>
34 (26.896346,205.381448,209.657903) (4.42679,6.283185) <0.229715,-0.782338,0.578946>
35 (29.421932,205.930855,209.657903) (4.569589,6.283185) <0.116039,-0.807066,0.578946>
