E3SweptSurface
Flags: FlipNormal, FlatGenetrix, VLinear
Domain: (-35~35.00005,0~1)
Bound: (-89.11073~-82.19617,107.87487~177.87494,-1.05357~4.76006)
Area: 635.197166
0 (-88.985303,177.874918,-0.996708) (35.00005,0.095854) <-0.417573,0,0.908643>
1 (-89.110746,107.87487,-1.053526) (-34.999998,0.083346) <-0.409584,0,0.912273>
2 (-88.084248,107.874868,-0.549434) (-35,0.187356) <-0.474682,0,0.880157>
3 (-87.095132,107.874868,0.02455) (-35.000001,0.291382) <-0.53492,0,0.844902>
4 (-86.148149,107.874868,0.665669) (-35,0.395322) <-0.590956,0,0.806703>
5 (-85.247849,107.874869,1.370841) (-34.999999,0.499354) <-0.643566,0,0.765391>
6 (-84.398556,107.874871,2.136681) (-34.999997,0.603369) <-0.693257,0,0.72069>
7 (-83.60435,107.874875,2.959508) (-34.999993,0.707856) <-0.740511,0,0.672044>
8 (-82.869046,107.874879,3.835371) (-34.999989,0.812481) <-0.785591,0,0.618747>
9 (-82.196176,107.874884,4.760063) (-34.999984,0.916632) <-0.828394,0,0.560145>
10 (-82.196198,142.87479,4.760029) (-7.8E-05,0.916628) <-0.828393,0,0.560148>
11 (-82.196221,177.874513,4.759994) (34.999644,0.916624) <-0.828391,0,0.56015>
12 (-82.858504,177.874634,3.848994) (34.999766,0.814043) <-0.786248,0,0.617911>
13 (-83.581407,177.874736,2.985311) (34.999868,0.711016) <-0.741902,0,0.670509>
14 (-84.361561,177.874818,2.172969) (34.99995,0.608095) <-0.695447,0,0.718577>
15 (-85.195328,177.87488,1.415757) (35.000012,0.505592) <-0.646625,0,0.762808>
16 (-86.078822,177.874921,0.717203) (35.000053,0.403185) <-0.595041,0,0.803696>
17 (-87.007923,177.874942,0.080564) (35.000073,0.300802) <-0.540161,0,0.841562>
18 (-87.978302,177.874941,-0.491191) (35.000073,0.198352) <-0.481258,0,0.876579>
