E3Torus
Flags: FlipNormal
Domain: (0~6.28319,0~6.28319)
Bound: (50.44825~85.30306,-144.10782~-100.23449,-64.29107~-49.49107)
Area: 996.601308
0 (58.888217,-144.107814,-64.29107) (5.319221,4.712389) <0,0,1>
1 (62.905514,-141.076964,-64.29107) (5.398243,4.712389) <0,0,1>
2 (66.671021,-137.73845,-64.29107) (5.477264,4.712389) <0,0,1>
3 (70.161237,-134.113106,-64.29107) (5.556286,4.712389) <0,0,1>
4 (73.35438,-130.22356,-64.29107) (5.635308,4.712389) <0,0,1>
5 (76.230519,-126.094087,-64.29107) (5.714329,4.712389) <0,0,1>
6 (78.771705,-121.75046,-64.29107) (5.793351,4.712389) <0,0,1>
7 (80.962078,-117.219788,-64.29107) (5.872373,4.712389) <0,0,1>
8 (82.787967,-112.530347,-64.29107) (5.951394,4.712389) <0,0,1>
9 (84.237976,-107.711405,-64.29107) (6.030416,4.712389) <0,0,1>
10 (85.303062,-102.79304,-64.29107) (6.109437,4.712389) <0,0,1>
11 (83.022691,-102.392795,-64.108858) (6.109437,4.55531) <0.154079,-0.027044,0.987688>
12 (80.798471,-102.002405,-63.566706) (6.109437,4.39823) <0.304364,-0.053421,0.951057>
13 (78.685169,-101.631483,-62.677967) (6.109437,4.241151) <0.447155,-0.078484,0.891007>
14 (76.734821,-101.289162,-61.464522) (6.109437,4.084071) <0.578935,-0.101613,0.809017>
15 (74.995452,-100.983872,-59.956251) (6.109437,3.926991) <0.69646,-0.122241,0.707107>
16 (73.50989,-100.72313,-58.190293) (6.109437,3.769912) <0.796836,-0.139859,0.587786>
17 (72.314715,-100.513355,-56.210132) (6.109437,3.612832) <0.877591,-0.154033,0.453991>
18 (71.439356,-100.359714,-54.064525) (6.109437,3.455752) <0.936737,-0.164414,0.309017>
19 (70.905367,-100.26599,-51.806304) (6.109437,3.298673) <0.972817,-0.170747,0.156435>
20 (70.725888,-100.234488,-49.491067) (6.109437,3.141592) <0.984944,-0.172875,0>
21 (69.799069,-104.425357,-49.491067) (6.021636,3.141592) <0.96599,-0.258578,0>
22 (68.508328,-108.51881,-49.491067) (5.933834,3.141592) <0.939595,-0.342289,0>
23 (66.863607,-112.483311,-49.491067) (5.846032,3.141592) <0.905961,-0.423362,0>
24 (64.877579,-116.288316,-49.491067) (5.75823,3.141592) <0.865346,-0.501174,0>
25 (62.565544,-119.904511,-49.491067) (5.670428,3.141592) <0.818066,-0.575125,0>
26 (59.945314,-123.304036,-49.491067) (5.582627,3.141592) <0.764482,-0.644645,0>
27 (57.037077,-126.4607,-49.491067) (5.494825,3.141592) <0.705009,-0.709198,0>
28 (53.863238,-129.350184,-49.491067) (5.407023,3.141592) <0.640104,-0.768288,0>
29 (50.448548,-131.95018,-49.491128) (5.319227,3.141597) <0.570273,-0.821455,4E-06>
30 (50.55241,-132.099864,-51.806228) (5.319226,3.298669) <0.563251,-0.811343,0.156431>
31 (50.86147,-132.545217,-54.06433) (5.319224,3.455741) <0.542361,-0.781255,0.309006>
32 (51.368119,-133.275275,-56.209838) (5.319221,3.612812) <0.508118,-0.731932,0.453973>
33 (52.059884,-134.272063,-58.189928) (5.319218,3.769884) <0.461364,-0.664589,0.587763>
34 (52.919733,-135.511041,-59.95585) (5.319214,3.926955) <0.403251,-0.580883,0.707081>
35 (53.926495,-136.961702,-61.464124) (5.319209,4.084026) <0.33521,-0.482875,0.808991>
36 (55.055384,-138.588333,-62.677618) (5.319205,4.241097) <0.258917,-0.372978,0.890982>
37 (56.278606,-140.350883,-63.566453) (5.3192,4.398167) <0.176251,-0.253897,0.951037>
38 (57.566044,-142.205958,-64.108747) (5.319196,4.555237) <0.089247,-0.128565,0.987677>
